14.250 2.016 0.771 1.123 1.285
14.750 1.839 0.707 1.023 1.168
15.250 1.695 0.650 0.938 1.069
15.750 1.587 0.609 0.878 1.003
16.250 1.499 0.573 0.827 0.944
16.750 1.418 0.540 0.779 0.887
17.250 1.350 0.515 0.739 0.840
17.750 1.294 0.492 0.703 0.796
18.250 1.260 0.472 0.667 0.753
18.250 1.260 0.472 0.667 0.753
18.350 1.243 0.460 0.652 0.737
18.450 1.208 0.444 0.631 0.709
18.550 1.170 0.426 0.605 0.672
18.650 1.125 0.398 0.563 0.625
18.750 1.084 0.361 0.512 0.566
18.850 1.050 0.327 0.466 0.507
18.950 1.028 0.302 0.429 0.454
19.050 1.021 0.287 0.401 0.418
19.150 1.020 0.280 0.385 0.405
19.350 1.011 0.273 0.374 0.397
19.650 0.999 0.276 0.381 0.400
19.950 0.997 0.293 0.405 0.431
20.250 0.991 0.318 0.443 0.481
20.550 0.975 0.350 0.492 0.545
20.850 0.957 0.389 0.550 0.631
21.150 -1.00 0.437 0.617 0.738
21.450 -1.00 0.493 0.696 -1.00
21.750 -1.00 0.546 0.790 -1.00
