4.999999844585543301e-05 1.253085416411700862e+03
6.978062185226015506e-05 1.725413229510571909e+03
9.738670400111001783e-05 2.375459039856136314e+03
1.359140935528559190e-04 3.269569145973084687e+03
1.896833971841261983e-04 4.498026473767132302e+03
2.647244950640013851e-04 6.182458943427488521e+03
3.694527858169749531e-04 8.483997716793566724e+03
5.156129167880863472e-04 1.161074117616033800e+04
7.195957750082022106e-04 1.582143655109825522e+04
1.004276808816939983e-03 2.141685824089080779e+04
1.401581254322082108e-03 2.870366995804715407e+04
1.956064216792582997e-03 3.791208864641767286e+04
2.729907473549246424e-03 4.904646532226813724e+04
2.822438064031304594e-03 5.025386838820136472e+04
2.918104808777570013e-03 5.147583568931031914e+04
3.017014409415424026e-03 5.271148675182089937e+04
3.119276375509797989e-03 5.395986193872362492e+04
3.225004584528507259e-03 5.521994016777374782e+04
3.334316657856108059e-03 5.649059125331342511e+04
3.447333648800850192e-03 5.777056729382566846e+04
3.564181290566921685e-03 5.905856094007558568e+04
3.684989684261381123e-03 6.035316808395617409e+04
3.809892674908044435e-03 6.165282185986101103e+04
3.939029723405837978e-03 6.295592987800848641e+04
4.072543410584330073e-03 6.426071348450137157e+04
4.210582869127392491e-03 6.556531421096572012e+04
4.353300975635650445e-03 6.686778129261599679e+04
4.500856534577907242e-03 6.816598125074732525e+04
4.653413654305043647e-03 6.945769062065619801e+04
4.811141747049987524e-03 7.074054127474296547e+04
4.974215840920809262e-03 7.201208113967521058e+04
5.142817515879872722e-03 7.326964760247031518e+04
5.317133655771611421e-03 7.451049307382220286e+04
5.497358320280911100e-03 7.573173583065319690e+04
5.683692432940008234e-03 7.693033905731413688e+04
5.876341909170151694e-03 7.810311616242691525e+04
6.075520776212216083e-03 7.924671602748622536e+04
6.281451173126699136e-03 8.035771716111322166e+04
6.494362102821469272e-03 8.143250880161234818e+04
6.714488808065651945e-03 8.246737117440756992e+04
6.942077139392498035e-03 8.345841685779555701e+04
7.177379811182616962e-03 8.440165933388515259e+04
7.420657649636272502e-03 8.529295968813676154e+04
7.672182088717820030e-03 8.612814286192721920e+04
7.932231426239014227e-03 8.690283607403264614e+04
8.201095191761853184e-03 8.761263330456455878e+04
8.479072274640203633e-03 8.825305381444949307e+04
8.766471548005938877e-03 8.881958626641644514e+04
9.063611868768930990e-03 8.930763312915696588e+04
9.370823949575427317e-03 8.971266827666478639e+04
9.688449110835797157e-03 9.003014694222326216e+04
1.001684052869677814e-02 9.025561969798404607e+04
1.035636261105537387e-02 9.038475050479765923e+04
1.070739224553108812e-02 9.041333671466317901e+04
1.107032129541040029e-02 9.033742309937800746e+04
1.144555035978556297e-02 9.015325423106836388e+04
1.183349875733256777e-02 8.985750024610220862e+04
1.223459703847766360e-02 8.944718708976439666e+04
1.264928948134184244e-02 8.891975779555806366e+04
1.307803908362984747e-02 8.827333193340637081e+04
1.352132007479667393e-02 8.750652318884937267e+04
1.397962665185332846e-02 8.661878185854759067e+04
1.445346798747778119e-02 8.561032416376342007e+04
1.494336947798729186e-02 8.448225338158510567e+04
1.544987773522735371e-02 8.323665083206679265e+04
1.597355309873819962e-02 8.187668590451937052e+04
1.651497837156057705e-02 8.040662093841460592e+04
1.707475507631898634e-02 7.883198979454876098e+04
1.765350595116615962e-02 7.715950212744677265e+04
1.825187370181083346e-02 7.539720275477397081e+04
1.887052224949001961e-02 7.355443774519105500e+04
1.951014172285795920e-02 7.164177283351759252e+04
2.017143972218037040e-02 6.967109061916069186e+04
2.085515255108476296e-02 6.765533724902740505e+04
2.156204022467136938e-02 6.560849707260650757e+04
2.229288771748543646e-02 6.354544677512678027e+04
2.304850745946169024e-02 6.148159595689433627e+04
2.382974058389664140e-02 5.943271498220050125e+04
2.463745318353176283e-02 5.741000607750815107e+04
2.547254130244254802e-02 5.540821062231317046e+04
2.633593592792750002e-02 5.346583534812214202e+04
2.722859550267458725e-02 5.160013102053388866e+04
2.815151091665030192e-02 4.982585457594916079e+04
2.910571049898863158e-02 4.815439141804617248e+04
3.009225253015757051e-02 4.659291569941270427e+04
3.111223272979260837e-02 4.514409849110204959e+04
3.216678425669671632e-02 4.380611793792858225e+04
3.325708270072937761e-02 4.257312127729204803e+04
3.438433360308409958e-02 4.143607008112818585e+04
3.554979491978885187e-02 4.038353869911086804e+04
3.675475955009459977e-02 3.941351891358444118e+04
3.800056532025337941e-02 3.850754194751966133e+04
3.928859997540712357e-02 3.764307802726468799e+04
4.114045102149247596e-02 3.656020703917762148e+04
4.299230456352233498e-02 3.543541929340421484e+04
4.484415560960770819e-02 3.427829770598954929e+04
4.669600665569306058e-02 3.304907528115483001e+04
4.854785770177841298e-02 3.172681878133978898e+04
5.039970874786377231e-02 3.031073931520667975e+04
5.225156478583814490e-02 2.881876305801685521e+04
5.410341583192349729e-02 2.728169374058989706e+04
5.595526687800884275e-02 2.573723141143914836e+04
5.780711792409421595e-02 2.422410752050225710e+04
5.965896897017956141e-02 2.277805769329389295e+04
6.151082500815394094e-02 2.142942370117696555e+04
6.336267605423928639e-02 2.020156997759639853e+04
6.521452710032463185e-02 1.910982254594357073e+04
6.706637814640999118e-02 1.816080951838257170e+04
6.891822919249535051e-02 1.735267632867862267e+04
7.077008023858072372e-02 1.667626423491588866e+04
7.262193627655508243e-02 1.611699850954746034e+04
7.447378732264042789e-02 1.565682005950611165e+04
7.632563836872578722e-02 1.527566055051140211e+04
7.817748941481114655e-02 1.495216544164268998e+04
8.002934046089649200e-02 1.466413735664667365e+04
8.188119150698183746e-02 1.438928355416865088e+04
8.373304754495619617e-02 1.410675954435181120e+04
8.558489859104158326e-02 1.379942329735301610e+04
8.743674963712692871e-02 1.345603970596042927e+04
8.928860068321230192e-02 1.307252340945924334e+04
9.114045172929764738e-02 1.265159151405472221e+04
9.299230277538299283e-02 1.220097385715359451e+04
9.484415382146835216e-02 1.173097864930472315e+04
9.669600486755371149e-02 1.125244678217952242e+04
9.854785591363905695e-02 1.077565920137243120e+04
1.003997169435024428e-01 1.031014859743337001e+04
1.022515679895877883e-01 9.864920062036420859e+03
1.041034190356731337e-01 9.448415349816415983e+03
1.059552700817584930e-01 9.067943933993417886e+03
1.078071211278438801e-01 8.728732645939202484e+03
1.096589721739292117e-01 8.433065670673517161e+03
1.115108232200146127e-01 8.179944525152115602e+03
1.133626742660999165e-01 7.965461836927224795e+03
1.152145253121853175e-01 7.783708321755914767e+03
1.170663763582706768e-01 7.627852510848370002e+03
1.189182274043560361e-01 7.491025781912622733e+03
1.207700784504413816e-01 7.366761268225212916e+03
1.226219394803047119e-01 7.249103313732193783e+03
1.244737905263900851e-01 7.132538789645313045e+03
1.263256415724754722e-01 7.012085236857822565e+03
1.281774926185607899e-01 6.883573178992231078e+03
1.300293436646461631e-01 6.744097055392781840e+03
1.318811947107314808e-01 6.592388360933155127e+03
1.337330457568168818e-01 6.428928475782816349e+03
1.355848968029022272e-01 6.255700480122382942e+03
1.374367478489876282e-01 6.075713356913504867e+03
1.392885988950729736e-01 5.892429214158228206e+03
1.411404499411582913e-01 5.709338599699547558e+03
1.429923109710216633e-01 5.529713959706768946e+03
1.448441620171070088e-01 5.356527001622709577e+03
1.506371693313121873e-01 4.882779210640067504e+03
1.566618701815605252e-01 4.527027093169145701e+03
1.629275195300579071e-01 4.270190007952842279e+03
1.694437617063522528e-01 4.042272017657574452e+03
1.762206304073334062e-01 3.782227122244649763e+03
1.832685387134552479e-01 3.475092478372199821e+03
1.905983290076255776e-01 3.168437416129905159e+03
1.982212629914283930e-01 2.912813283312047133e+03
2.061490815877914662e-01 2.716496140783894134e+03
2.143939650058746538e-01 2.542499838674132661e+03
2.229685926437378063e-01 2.354414118801050336e+03
2.318861830234527632e-01 2.156536115784478170e+03
2.411604139208793907e-01 1.979845308253299436e+03
2.508055621385574252e-01 1.834604050017200734e+03
2.608364835381508651e-01 1.701776646161115423e+03
2.712685731053352534e-01 1.566566203189710677e+03
2.821179047226906600e-01 1.437197427912042713e+03
2.934011313319205838e-01 1.324745438528366776e+03
3.051356446743011541e-01 1.223022457946186478e+03
3.173394754529000328e-01 1.124289130280656536e+03
3.300313931703567905e-01 1.032353952429722540e+03
3.432309460639954013e-01 9.500961789692565844e+02
3.569583612680435891e-01 8.734450119453259731e+02
3.712348443269730125e-01 8.015265447022352419e+02
3.860822796821594127e-01 7.360687520788186475e+02
4.015235501527786299e-01 6.756714554279006961e+02
4.175824171304702848e-01 6.195785503808341446e+02
4.342835205793381115e-01 5.682012330716750057e+02
5.370331293344497992e-01 3.528971005220663528e+02
6.640928781032562345e-01 2.168728642535953384e+02
8.212143814563751532e-01 1.320160978515879719e+02
1.015510122776031476e+00 7.966966054098807604e+01
1.255775490999221811e+00 4.770297799638110803e+01
1.552886574268340869e+00 2.835932768915533586e+01
1.920292799472809175e+00 1.674997417805458610e+01
2.374625782966613752e+00 9.834233728032847566e+00
2.936452107429504466e+00 5.742391703168983952e+00
3.631203889846801758e+00 3.336302473390143852e+00
4.490331149101257857e+00 1.929419417001131842e+00
5.552724294662475302e+00 1.111049850515276827e+00
6.866474466323852610e+00 6.372666201571535183e-01
8.491052713394164897e+00 3.641757750852286923e-01
1.049999970436096142e+01 2.074010675164383866e-01
