objid expflux_r devflux_r exprad_r devrad_r expab_r devab_r expphi_r devphi_r
8647474690861105837 263.8950500488281 264.53045654296875 0.39826446771621704 0.31191617250442505 0.6468890905380249 0.568842887878418 15.647067070007324 15.146533012390137
8647475119821030006 29442.390625 35530.5078125 0.8302608728408813 1.0730316638946533 0.8148783445358276 0.8010096549987793 152.48423767089844 151.45643615722656
8647474690861106926 1092.0770263671875 1142.285400390625 0.6113020181655884 0.5685378909111023 0.05000000074505806 0.08369449526071548 58.5203971862793 56.89912033081055
8647475119821030029 18426.98828125 26123.634765625 1.9457224607467651 3.839524507522583 0.5083668231964111 0.4639955461025238 135.3975067138672 134.53726196289062
8647475119821029520 95186.3515625 135674.109375 1.6636236906051636 2.855933904647827 0.8879972696304321 0.8598157167434692 58.50384521484375 59.04761505126953
8647475119821030476 4591.38916015625 4854.94384765625 0.4152195155620575 0.3757065236568451 0.8404203057289124 0.8356396555900574 72.59477996826172 77.80732727050781
8647475119820966415 771.3257446289062 778.7035522460938 0.40503621101379395 0.30437880754470825 0.21708077192306519 0.1584426611661911 25.933734893798828 24.98012351989746
8647475119821030892 785.1141967773438 998.0525512695312 1.2405387163162231 2.0515689849853516 0.2845801115036011 0.2039783000946045 89.98455047607422 89.68268585205078
8647475119820965634 426.4519348144531 626.0697631835938 1.961970567703247 5.115566730499268 0.29996371269226074 0.1248396635055542 0.8455504775047302 15.760553359985352
8647475119820964599 5249.0419921875 5878.400390625 0.5805994868278503 0.6264853477478027 0.7536224126815796 0.7384396195411682 168.51754760742188 167.43118286132812
8647475119821030056 86056.75 129121.3671875 2.9414331912994385 5.316952228546143 0.607053816318512 0.6278644800186157 37.325843811035156 36.52255630493164
8647475119821030369 2537.955810546875 2604.76123046875 0.39303818345069885 0.33044999837875366 0.5810312628746033 0.48366013169288635 138.91131591796875 134.76025390625
8647475119821030381 802.1802368164062 910.3959350585938 0.7179324626922607 0.8518859148025513 0.8498948812484741 0.8499428629875183 132.8575897216797 122.60356140136719
8647474690324301262 281.4125061035156 372.1112976074219 0.5641799569129944 0.8028182983398438 0.050080087035894394 0.5054196715354919 155.0009765625 171.10581970214844
8647475119820964816 7434.81591796875 8660.6376953125 0.5411992073059082 0.6764327883720398 0.7837188839912415 0.6936029195785522 70.85051727294922 70.86443328857422
8647475119820964490 3185.530517578125 3485.3203125 0.6511544585227966 0.7083172798156738 0.5102095007896423 0.431801438331604 58.568843841552734 62.669254302978516
8647475119821029857 21268.09375 26378.611328125 1.6194134950637817 2.646024227142334 0.3264060318470001 0.27597346901893616 74.16128540039062 74.29776763916016
8647475119821030479 2150.810791015625 2382.1181640625 0.5343145728111267 0.5738515853881836 0.5129205584526062 0.511539101600647 22.735740661621094 23.03386878967285
8647475119820964201 1992.923583984375 3783.416748046875 2.8184239864349365 9.255943298339844 0.5465392470359802 0.45358917117118835 91.07861328125 91.47189331054688
8647475119821030018 3244.515625 3576.23974609375 0.5364702343940735 0.5691009759902954 0.7342802882194519 0.7155613899230957 2.4818005561828613 0.47390809655189514
8647475119820965031 1586.010986328125 1791.326904296875 0.8891137838363647 1.105093240737915 0.3614301383495331 0.25627753138542175 129.68679809570312 132.01934814453125
8647475119820965887 399.5977783203125 1481.7662353515625 1.029725193977356 7.018588066101074 0.34633442759513855 0.42249906063079834 75.99309539794922 82.43659973144531
8647475119820964814 4579.05615234375 5408.30859375 1.212803840637207 1.6790781021118164 0.24554115533828735 0.1792972981929779 158.82391357421875 157.5808563232422
8647475119820965742 1104.145263671875 1408.0218505859375 1.2176296710968018 2.082226037979126 0.44998836517333984 0.3572055995464325 91.54430389404297 93.50830841064453
8647475119821029855 31534.365234375 37506.52734375 1.3524142503738403 1.800909399986267 0.31368139386177063 0.27373987436294556 94.89553833007812 94.967529296875
8647475119821031244 2202.123291015625 2648.387451171875 1.373749852180481 2.11753249168396 0.3467215895652771 0.2656528055667877 64.6251449584961 64.69854736328125
8647475119821031292 1741.9715576171875 2499.000732421875 1.6339225769042969 3.153071641921997 0.5291023850440979 0.48753687739372253 145.05870056152344 146.52027893066406
8647475119820964933 6480.56640625 8949.69921875 1.314673662185669 2.5494768619537354 0.7499996423721313 0.6510221362113953 10.189678192138672 11.365074157714844
8647475119820964172 736.2266235351562 939.8484497070312 1.3197702169418335 2.161689519882202 0.4549025893211365 0.37676554918289185 53.04053497314453 52.65518569946289
8647475119820964568 11304.05859375 13677.681640625 1.4257303476333618 2.202918529510498 0.5151113271713257 0.4498782455921173 162.1833038330078 160.81460571289062
8647475119820965151 1437.0621337890625 1477.319091796875 0.4721601903438568 0.39642196893692017 0.8825601935386658 0.8212279677391052 31.995899200439453 33.180885314941406
8647475119820965897 1082.8385009765625 1093.50732421875 0.39853954315185547 0.3128644824028015 0.3100655674934387 0.178064227104187 67.46511840820312 72.14849090576172
8647475119821030869 1673.40185546875 1954.932861328125 0.8614537715911865 1.0990686416625977 0.4740768074989319 0.4490191638469696 150.534423828125 149.52540588378906
8647475119821030917 1866.593505859375 1915.0540771484375 0.34383031725883484 0.29409489035606384 0.7136977314949036 0.6132548451423645 46.06230545043945 41.22629928588867
8647475119820966350 654.3278198242188 682.7462158203125 0.6500726342201233 0.634904682636261 0.5224399566650391 0.39997729659080505 160.31573486328125 156.43170166015625
8647475119821029467 7668.29345703125 8996.3095703125 0.9432724714279175 1.2353655099868774 0.48798254132270813 0.4213304817676544 94.45966339111328 94.59725952148438
8647474690861106982 978.2550048828125 1054.30126953125 0.4334377348423004 0.43927332758903503 0.4835999310016632 0.4171072542667389 50.04387283325195 45.49171829223633
8647475119820964859 3626.8037109375 4285.53271484375 0.7482820749282837 0.9673371315002441 0.9134887456893921 0.8820805549621582 50.40718078613281 50.54258346557617
8647475119821030500 4794.13330078125 5597.93798828125 1.1131960153579712 1.496829628944397 0.41067764163017273 0.35317471623420715 175.86997985839844 176.23428344726562
8647474690861171264 11424.3994140625 14119.0078125 0.8273965716362 1.1435000896453857 0.780195415019989 0.7501449584960938 93.91677856445312 93.81757354736328
8647475119820964177 645.1396484375 985.94970703125 1.1491098403930664 2.354287624359131 0.664283812046051 0.6011872887611389 97.42823028564453 95.31504821777344
8647475119820966518 538.0107421875 957.1420288085938 1.8419694900512695 4.667270660400391 0.26315778493881226 0.25925320386886597 137.7046356201172 148.1893768310547
8647475119820964225 1074.519775390625 1546.947265625 1.0182987451553345 1.91635000705719 0.11846636980772018 0.22345982491970062 33.244808197021484 32.64943313598633
8647475119820965193 2777.807861328125 3596.393798828125 1.0237363576889038 1.7255951166152954 0.704431414604187 0.6079801321029663 129.28378295898438 130.40650939941406
8647475119821030916 2135.24365234375 2421.68359375 1.0088355541229248 1.373235821723938 0.6460814476013184 0.5214736461639404 113.10716247558594 114.90572357177734
8647475119820964118 450.5360107421875 998.8944091796875 1.5915974378585815 3.5292484760284424 0.16491062939167023 0.753160834312439 43.960845947265625 14.788534164428711
8647475119820964627 13128.396484375 9870.51953125 1.1205180883407593 0.9050247073173523 0.5482481718063354 0.5812720656394958 25.527162551879883 26.100894927978516
8647475119820964930 971.0824584960938 1149.2174072265625 0.5176608562469482 0.5545334815979004 0.712967038154602 0.9996994137763977 47.713905334472656 83.58977508544922
8647475119820966035 503.34490966796875 696.9893188476562 0.8182188868522644 1.472219467163086 0.7285454273223877 0.6446614861488342 33.820404052734375 146.68124389648438
8647475119821029498 3488.10107421875 5163.91796875 1.3068983554840088 2.6466057300567627 0.7041340470314026 0.6829104423522949 125.9171371459961 123.80084228515625
8647475119821029533 1404.2054443359375 1782.584228515625 1.380463719367981 2.2437632083892822 0.28722020983695984 0.2426917403936386 168.42811584472656 169.64271545410156
8647475119821029994 8009.22802734375 8532.8759765625 0.6183331608772278 0.6068084836006165 0.8064307570457458 0.777915894985199 21.181188583374023 22.75180435180664
8647475119820965950 892.9063720703125 1000.408203125 0.7558935880661011 0.8623923659324646 0.16167153418064117 0.1900576502084732 151.1237030029297 148.2395477294922
8647475119820964889 1229.8961181640625 1512.1466064453125 0.9185430407524109 1.372625708580017 0.8041121363639832 0.7379390001296997 156.51194763183594 159.53091430664062
8647475119821029543 338.52508544921875 397.3960876464844 1.1685326099395752 1.49712336063385 0.05000000074505806 0.05000000074505806 137.47891235351562 138.2581024169922
8647475119820965807 746.8563842773438 1133.282958984375 1.0536859035491943 2.399768352508545 0.35643309354782104 0.2523067891597748 172.33056640625 172.63648986816406
8647475119820964434 1831.6868896484375 2075.58837890625 0.7114173173904419 0.7871285676956177 0.1961207389831543 0.27236485481262207 171.7226104736328 170.4554901123047
8647475119820965581 1733.0556640625 1834.665771484375 0.5965887904167175 0.5706747770309448 0.42056989669799805 0.37802958488464355 70.40839385986328 68.14476013183594
8647475119821030509 6154.68994140625 8000.6220703125 1.568220615386963 2.7637434005737305 0.36897599697113037 0.29998597502708435 135.23854064941406 135.39712524414062
8647475119821031172 1364.0802001953125 1462.84912109375 0.9127676486968994 1.070852279663086 0.49116578698158264 0.3338238596916199 6.624715805053711 4.533409118652344
8647475119820964112 44390.68359375 57662.7109375 1.505353569984436 2.275634527206421 0.7932764291763306 0.8174616098403931 80.14689636230469 77.41201782226562
8647475119820964416 1446.2808837890625 1487.922119140625 0.49000027775764465 0.45637255907058716 0.7131950259208679 0.5481958389282227 76.43540954589844 81.29032135009766
8647475119821030020 740.7503662109375 742.85107421875 0.21898968517780304 0.14858156442642212 0.7158028483390808 0.771411120891571 109.54173278808594 114.73628997802734
8647474690861107252 1809.3956298828125 2126.42431640625 1.3595905303955078 2.1091744899749756 0.12311340868473053 0.05000000074505806 137.83323669433594 139.54115295410156
8647475119821029525 3455.325927734375 4505.04345703125 0.4947388470172882 0.8046168088912964 0.5701237916946411 0.56986403465271 39.407875061035156 37.63054275512695
8647475119821029510 1860.0206298828125 2066.612548828125 0.5626713037490845 0.5968641042709351 0.8508362174034119 0.8788512945175171 81.37547302246094 78.301513671875
8647475119821030039 35535.2578125 46005.6015625 1.6676239967346191 2.8038437366485596 0.601062536239624 0.5631905794143677 44.097900390625 44.62770462036133
8647475119821029485 1234.1771240234375 1502.37353515625 0.9680901765823364 1.4203017950057983 0.5587223172187805 0.4499981701374054 70.36793518066406 72.58749389648438
8647475119820964803 2344.73095703125 2413.96142578125 0.47527992725372314 0.39468711614608765 0.7621087431907654 0.7398688197135925 141.45130920410156 144.6507568359375
8647474690861170833 878.8058471679688 1095.2548828125 0.8174058198928833 1.1316760778427124 0.6234093308448792 0.6498538255691528 79.99748992919922 77.73750305175781
8647475119821029449 449.9617614746094 571.1417236328125 1.4941420555114746 2.438065767288208 0.05000000074505806 0.05000000074505806 161.57614135742188 164.9486083984375
8647475119821031146 1108.3585205078125 1195.5389404296875 0.48134100437164307 0.45635828375816345 0.9106572866439819 0.9732292890548706 164.1876678466797 22.384437561035156
8647475119821029460 665.04736328125 775.890625 1.156032681465149 1.4986722469329834 0.4122317135334015 0.37044087052345276 31.911653518676758 42.36198043823242
8647474690861171966 2100.26953125 2266.916259765625 0.7628784775733948 0.8534505367279053 0.34645944833755493 0.23636481165885925 18.446420669555664 18.863309860229492
8647475119821029565 2561.619873046875 2972.928466796875 0.5709989666938782 0.6922006607055664 0.8781774044036865 0.8325037360191345 17.360496520996094 18.799217224121094
8647475119821030093 15006.353515625 18141.412109375 0.778599739074707 0.9854581952095032 0.731236457824707 0.7340961694717407 48.16951370239258 48.294471740722656
8647475119820964514 21439.4140625 23144.23046875 0.6185163259506226 0.5956422686576843 0.4976235628128052 0.45297905802726746 91.42633819580078 93.92768859863281
8647475119820964897 1377.7376708984375 1399.981201171875 0.3800447881221771 0.2941031754016876 0.75636887550354 0.7594115138053894 139.60781860351562 139.6709442138672
8647475119820965758 3194.799560546875 3795.319091796875 1.8579163551330566 2.8044793605804443 0.11004915833473206 0.08672405034303665 99.88970947265625 99.00774383544922
8647475119820965850 769.6432495117188 794.2477416992188 0.41883835196495056 0.3464057147502899 0.37702155113220215 0.39929401874542236 93.76280975341797 78.33150482177734
8647475119821029891 4039.142578125 5179.2265625 1.0333720445632935 1.685679316520691 0.6875622868537903 0.6290438771247864 93.29718017578125 91.90071105957031
8647475119821030777 2873.09423828125 3633.2060546875 0.9035184383392334 1.3615630865097046 0.7847888469696045 0.7582630515098572 113.8272933959961 125.0541763305664
8647475119821029541 392.9759216308594 445.821533203125 0.6008011102676392 0.646056592464447 0.6389955282211304 0.7285282611846924 109.00713348388672 130.061767578125
8647475119820964781 227.52984619140625 221.22314453125 0.3789985179901123 0.21484804153442383 0.1036367267370224 0.09972687065601349 95.95287322998047 97.78195190429688
8647475119820965993 1091.547607421875 1091.35595703125 0.4604947566986084 0.320535808801651 0.8782480359077454 0.9999528527259827 83.11536407470703 125.02406311035156
8647475119820964924 4674.34423828125 4981.21533203125 0.47593241930007935 0.4403437674045563 0.5562313199043274 0.5291363596916199 131.9239959716797 131.74819946289062
8647475119820965712 891.0651245117188 930.9486694335938 0.701346218585968 0.6614000201225281 0.05000000074505806 0.05000000074505806 74.85692596435547 74.86296844482422
8647475119820965866 1340.7501220703125 1786.4150390625 1.0813746452331543 1.8975824117660522 0.6851434111595154 0.5743212103843689 148.22506713867188 144.4254608154297
8647475119820966096 1390.2882080078125 1649.9036865234375 0.8238806128501892 1.1617586612701416 0.6498666405677795 0.5148196220397949 48.04840087890625 53.16975784301758
8647475119821030864 455.4283447265625 466.60089111328125 0.2347787618637085 0.20064963400363922 0.19961141049861908 0.05000000074505806 137.04347229003906 146.97946166992188
8647475119820965526 886.0592041015625 909.8251342773438 0.4810394048690796 0.3929714858531952 0.5573869347572327 0.5404673218727112 168.27899169921875 170.59632873535156
8647475119820965667 802.0364990234375 891.6163940429688 0.8926252126693726 1.0988759994506836 0.4929924011230469 0.3938791751861572 90.85113525390625 95.72225952148438
8647475119821030385 4125.49169921875 4458.3017578125 0.5465511679649353 0.5568986535072327 0.6730901598930359 0.6149867177009583 134.1871795654297 135.5397186279297
8647475119820964555 3940.66845703125 4866.18017578125 0.8095270395278931 1.1358673572540283 0.8743283748626709 0.9200917482376099 32.29153060913086 30.697181701660156
8647475119821030075 11349.923828125 12224.2177734375 0.5378185510635376 0.5235142111778259 0.6731706261634827 0.6263622641563416 52.85763931274414 53.79240417480469
8647475119821030390 958.5958251953125 1051.7095947265625 0.631336510181427 0.7413890957832336 0.6273682713508606 0.46057581901550293 22.625057220458984 15.702404975891113
8647475119821030426 3523.538330078125 4055.830078125 0.7760162949562073 0.9291568398475647 0.5252342820167542 0.5029133558273315 14.277421951293945 12.098980903625488
8647474690861173123 660.70263671875 792.5654907226562 1.2819390296936035 1.8575589656829834 0.05000000074505806 0.05000000074505806 125.31066131591797 126.2461166381836
8647474690861106185 4006.556396484375 4428.4912109375 0.7527102828025818 0.8118175268173218 0.3758442997932434 0.3453672230243683 156.6090087890625 158.97023010253906
8647475119820966129 1043.9215087890625 1189.5263671875 0.9393218159675598 1.1918071508407593 0.11033610254526138 0.05000000074505806 85.51232147216797 86.28917694091797
8647475119821030448 2557.155029296875 2789.9951171875 0.6074806451797485 0.6321277618408203 0.42292487621307373 0.363607257604599 49.02217483520508 52.23179244995117
8647475119820965016 2234.639892578125 2305.572265625 0.5581551790237427 0.48700693249702454 0.5694791674613953 0.5260412096977234 148.98550415039062 150.0618133544922
8647475119820964854 2115.332763671875 2213.2578125 0.4460202753543854 0.401591420173645 0.5429152250289917 0.47312045097351074 158.40147399902344 158.9049835205078
8647475119820964430 6841.16064453125 8229.2265625 0.8265388011932373 1.115767002105713 0.5098032355308533 0.45716965198516846 64.70661163330078 64.77030944824219
8647475119820964946 2757.45068359375 3236.2158203125 0.8262538909912109 1.12856924533844 0.47645121812820435 0.37007805705070496 155.15672302246094 155.6654510498047
8647475119820966003 1121.5107421875 1197.289794921875 0.7575469017028809 0.7945644855499268 0.13297629356384277 0.05000000074505806 69.50713348388672 72.9925765991211
8647475119821030514 6368.396484375 7317.53662109375 0.7772804498672485 0.9383577704429626 0.7981611490249634 0.7628492712974548 169.93687438964844 170.05043029785156
8647475119821029928 2081.646240234375 2515.557861328125 0.6682865023612976 0.9027276039123535 0.6258679628372192 0.5877793431282043 167.3717041015625 168.62608337402344
8647475119821029431 130756.875 156167.5625 1.5836044549942017 1.8814902305603027 0.6146600246429443 0.534983217716217 47.178707122802734 46.38728332519531
8647475119820964445 23383.384765625 34695.7734375 1.8649860620498657 4.107144355773926 0.8012741208076477 0.7588921785354614 75.20297241210938 74.66310119628906
8647475119821030472 2488.119384765625 2551.962890625 0.38962894678115845 0.3103744685649872 0.49975988268852234 0.4713279902935028 63.001338958740234 66.90177154541016
8647475119821030542 2369.97998046875 2570.8525390625 0.6839070320129395 0.723401665687561 0.418671578168869 0.37584418058395386 68.55650329589844 70.39907836914062
8647474690861105832 1686.4520263671875 2979.982421875 0.704738438129425 1.9590833187103271 0.5832827687263489 0.5301465392112732 10.508974075317383 7.2417521476745605
8647475119820965929 1417.0120849609375 1739.3143310546875 1.0643341541290283 1.5215991735458374 0.7392127513885498 0.7643200159072876 46.82520294189453 48.83666229248047
8647475119820966423 281.94244384765625 264.5044250488281 0.5880284309387207 0.29407089948654175 0.4997909367084503 0.7671803832054138 42.789894104003906 5.886263370513916
8647475119820964004 2473.263427734375 2795.3623046875 0.6206662654876709 0.7021304965019226 0.8348283767700195 0.8442972898483276 135.2776641845703 137.57073974609375
8647475119820964170 1113.2291259765625 1356.895751953125 0.811883270740509 1.1397178173065186 0.7795595526695251 0.8053389191627502 107.04225158691406 95.67476654052734
8647475119821030031 10046.6328125 11208.5888671875 0.4019438624382019 0.42618823051452637 0.9300640821456909 0.9303721189498901 78.31803131103516 112.83776092529297
8647475119821031268 2660.40869140625 3201.800537109375 0.9364252090454102 1.368963599205017 0.6497959494590759 0.5512858629226685 49.45174789428711 50.9207878112793
8647474690861172076 1629.4468994140625 1906.5045166015625 1.1153360605239868 1.4461255073547363 0.25218626856803894 0.24407996237277985 175.12608337402344 173.6789093017578
8647474690861107268 1041.1834716796875 1134.8348388671875 0.4735659062862396 0.49153995513916016 0.648287296295166 0.5518843531608582 160.91964721679688 168.28115844726562
8647475119821030375 1264.5361328125 1350.463134765625 0.4856569468975067 0.4703608751296997 0.7535178661346436 0.7054259777069092 100.54168701171875 88.63690948486328
8647475119821030513 750.2662353515625 917.8390502929688 1.619400978088379 2.671415090560913 0.2999841570854187 0.20000648498535156 134.36923217773438 131.53073120117188
8647475119820965966 673.19677734375 740.510986328125 0.387908399105072 0.4339047968387604 0.49082478880882263 0.3942662179470062 135.5620574951172 157.54727172851562
8647474690861105741 18114.0546875 21230.763671875 0.5532904863357544 0.7117749452590942 0.8214638233184814 0.7007082104682922 83.36663055419922 85.1722183227539
8647474690861106341 996.335693359375 1562.57568359375 1.931327223777771 4.105359077453613 0.35960543155670166 0.3673112392425537 74.46672821044922 75.78370666503906
8647475119821030484 2386.688232421875 2432.769775390625 0.4336126446723938 0.3442275822162628 0.5913634300231934 0.5747522115707397 38.83681106567383 40.59215545654297
8647475119820964786 2122.49462890625 2261.828369140625 0.4976320266723633 0.47419506311416626 0.7299467325210571 0.7023719549179077 161.8314971923828 163.70787048339844
8647475119821029499 3784.4736328125 4990.80615234375 1.2040079832077026 1.9339804649353027 0.3535603880882263 0.3572412133216858 66.1058349609375 66.23153686523438
8647475119821031405 1621.989990234375 1918.195556640625 1.0591338872909546 1.3967971801757812 0.4459630250930786 0.43547675013542175 127.68755340576172 130.04104614257812
8647475119820965103 1628.9888916015625 1744.259033203125 0.497278094291687 0.46315014362335205 0.5869234204292297 0.6237313747406006 48.57260513305664 43.74833679199219
8647475119820965108 1472.2100830078125 1480.8865966796875 0.380232036113739 0.2792049050331116 0.49996182322502136 0.44987037777900696 22.584157943725586 23.55424690246582
8647475119820965184 662.485595703125 715.3534545898438 0.8069326877593994 1.0921177864074707 0.6833857297897339 0.383739709854126 126.3231201171875 127.81968688964844
8647475119821031217 1438.3096923828125 1618.0626220703125 1.13998544216156 1.4235032796859741 0.054331161081790924 0.05000000074505806 135.62213134765625 134.3370361328125
8647475119820964217 89342.7421875 95694.5234375 1.4057263135910034 1.7054778337478638 0.7295339703559875 0.7488368153572083 17.081377029418945 17.31156349182129
8647475119820964463 3732.091796875 3879.010498046875 0.39986392855644226 0.35098662972450256 0.7375742793083191 0.6706408262252808 41.77439880371094 42.68770980834961
8647475119820964828 1701.4769287109375 1745.8162841796875 0.4601479470729828 0.385947585105896 0.36800315976142883 0.2932260036468506 71.63543701171875 69.2583999633789
8647475119820965664 463.08056640625 495.1073303222656 0.4809718728065491 0.4562903642654419 0.7999051213264465 0.8193720579147339 60.627410888671875 60.333534240722656
8647475119820964425 2825.825927734375 3297.501220703125 0.6577644348144531 0.8029974699020386 0.7947993874549866 0.7925315499305725 118.91792297363281 117.66741180419922
8647475119820964507 10568.734375 13610.44921875 0.9988291263580322 1.5322338342666626 0.7181172966957092 0.6893432140350342 128.22866821289062 126.98444366455078
8647475119820966040 1971.3001708984375 2560.962890625 1.5235790014266968 2.7793190479278564 0.30445194244384766 0.19878697395324707 33.946380615234375 34.037452697753906
8647475119820964929 2212.814453125 2300.2763671875 0.36424604058265686 0.300468772649765 0.7856448888778687 0.8154798746109009 77.54114532470703 70.41053009033203
8647475119820965566 1529.6038818359375 1656.077392578125 0.648177981376648 0.6747185587882996 0.47372427582740784 0.43719878792762756 163.0913543701172 162.28611755371094
8647475119821030394 3370.149658203125 3938.827392578125 0.95472651720047 1.255955457687378 0.4413311779499054 0.4038510322570801 116.21856689453125 116.82843017578125
8647475119821029983 4883.685546875 5082.2109375 0.3953581750392914 0.34716761112213135 0.7710356712341309 0.6952820420265198 92.59346771240234 89.21048736572266
8647475119821029996 16072.5185546875 19254.7421875 0.7465705275535583 0.910994827747345 0.7699929475784302 0.7723169922828674 110.17587280273438 108.06610870361328
8647475119821029416 9419.14453125 11085.435546875 0.9990283846855164 1.3690770864486694 0.474671334028244 0.40061959624290466 175.42022705078125 175.96408081054688
8647475119820964937 3381.666748046875 3631.336669921875 0.44337648153305054 0.4352067708969116 0.8447633981704712 0.7745577096939087 67.95018005371094 66.14439392089844
8647475119821029930 950.506591796875 1120.0006103515625 0.6237384676933289 0.7377612590789795 0.3658317029476166 0.45080265402793884 121.94609069824219 125.63787841796875
8647475119820964590 7462.0595703125 8200.017578125 0.6788429021835327 0.7244898080825806 0.5322123765945435 0.5077492594718933 0.15731921792030334 179.25131225585938
8647475119821029473 28756.591796875 39067.8984375 1.2490630149841309 2.1704659461975098 0.9136273860931396 0.9490379691123962 133.89451599121094 130.234619140625
8647475119820964040 540.5184326171875 600.07373046875 2.883612632751465 4.150186061859131 0.7499384880065918 0.7612985968589783 141.83726501464844 169.6096954345703
8647475119820966123 1683.1341552734375 1799.932373046875 0.7845013737678528 0.8820945024490356 0.33669862151145935 0.21551145613193512 136.1497039794922 137.96238708496094
8647474690861172423 1001.201171875 1034.0853271484375 0.6588426828384399 0.6169542670249939 0.5537827610969543 0.45807886123657227 162.6358642578125 161.08680725097656
8647475119820965615 1315.815673828125 1371.32421875 0.6662623882293701 0.6092445850372314 0.477658748626709 0.457036554813385 52.73646926879883 52.615814208984375
8647475119821030487 1931.7388916015625 1957.6478271484375 0.4724957346916199 0.3702278733253479 0.2625204622745514 0.2015564739704132 67.28559875488281 67.7044906616211
8647475119821030782 2372.808837890625 2745.31396484375 0.7538973689079285 0.8867262601852417 0.68868088722229 0.6964499950408936 28.487625122070312 37.73631286621094
8647475119820965915 1130.197265625 1321.51904296875 0.9221484065055847 1.1530885696411133 0.4196140468120575 0.3648304343223572 113.01024627685547 109.22582244873047
8647475119821030132 24488.015625 34353.8828125 2.738325595855713 6.1028265953063965 0.2141847163438797 0.140760138630867 166.08663940429688 165.60049438476562
8647475119821030874 1771.2093505859375 1900.1783447265625 0.6699789762496948 0.7143084406852722 0.3793255686759949 0.2852499485015869 164.8954315185547 165.83624267578125
8647475119821030926 1740.928466796875 2084.80810546875 0.8602559566497803 1.1595163345336914 0.8012929558753967 0.7800010442733765 123.78460693359375 130.43849182128906
8647474690861171976 272.8994140625 277.32733154296875 0.17223899066448212 0.14552190899848938 0.1776989996433258 0.14783477783203125 3.141996145248413 0.03123166225850582
8647475119821030127 10929.4658203125 12024.392578125 1.0298537015914917 1.1695525646209717 0.22016353905200958 0.1730358749628067 119.44595336914062 119.55256652832031
8647475119820965541 1109.1805419921875 1163.5408935546875 0.7916325330734253 0.7796344757080078 0.1758599877357483 0.09994151443243027 20.902952194213867 23.806655883789062
8647475119820965786 928.6978149414062 965.9951171875 0.5181389451026917 0.46536943316459656 0.05000000074505806 0.05000000074505806 155.8434295654297 150.89894104003906
8647475119820964111 112966.109375 129175.3125 0.41694021224975586 0.6234642863273621 0.9603161215782166 0.9385582208633423 13.171609878540039 16.142961502075195
8647475119821031267 540.4585571289062 549.6678466796875 0.5478273034095764 0.45419183373451233 0.14955002069473267 0.0777280256152153 94.09342956542969 88.1391372680664
8647474690861171658 3831.08349609375 4753.41015625 0.9334266781806946 1.3689154386520386 0.8438047766685486 0.8360602259635925 137.14923095703125 142.20294189453125
8647475119820964867 3693.869140625 4146.10400390625 0.6983886957168579 0.8002914786338806 0.4647812843322754 0.3896164298057556 167.64352416992188 166.21693420410156
8647475119820965583 1374.0877685546875 1698.887451171875 0.5404564738273621 0.703951358795166 0.8741410970687866 0.9946521520614624 158.39547729492188 123.26460266113281
8647475119821030789 2970.688720703125 3535.207275390625 1.0040942430496216 1.4420552253723145 0.5987392663955688 0.5059286952018738 62.0833854675293 59.80417251586914
8647475119820964045 14861.6923828125 18453.033203125 0.6626675724983215 0.9111795425415039 0.8844819068908691 0.8593612313270569 43.6029052734375 43.88444137573242
8647475119820964920 3843.919677734375 4044.510009765625 0.48385748267173767 0.4255935251712799 0.6755046844482422 0.6693415641784668 169.64242553710938 169.75076293945312
8647475119820965179 1401.37158203125 1519.0718994140625 0.4834020733833313 0.45632246136665344 0.6252695918083191 0.7198137044906616 99.63317108154297 98.66020202636719
8647475119821029599 959.3573608398438 1119.188232421875 0.753006637096405 0.8940198421478271 0.5405564308166504 0.5839908719062805 100.91924285888672 93.70336151123047
8647475119821030114 1662.1192626953125 1767.7371826171875 0.6106258034706116 0.6161079406738281 0.533227264881134 0.4319477379322052 146.09030151367188 151.10374450683594
8647475119821030397 8270.240234375 9751.734375 0.9679714441299438 1.2595698833465576 0.47656336426734924 0.4188271760940552 1.9712971448898315 1.2677884101867676
8647475119821030452 1578.775146484375 1725.1700439453125 0.7542852163314819 0.8553686141967773 0.4194917678833008 0.3000412583351135 132.26229858398438 133.02552795410156
8647475119820966118 1410.4779052734375 1506.8431396484375 0.34694546461105347 0.34099718928337097 0.7219867706298828 0.6342064738273621 67.35726165771484 83.58638763427734
8647475119820965223 1034.37060546875 1084.279541015625 0.5937595963478088 0.568590521812439 0.6282832026481628 0.5473840236663818 43.08966064453125 44.34407424926758
8647475119821030404 3067.759033203125 3220.828857421875 0.5061220526695251 0.4574826657772064 0.6766684055328369 0.6796207427978516 96.30146789550781 100.17141723632812
8647475119820964612 1072.2908935546875 1259.755859375 1.0081268548965454 1.4190731048583984 0.5489490628242493 0.4519493877887726 50.104679107666016 49.9175910949707
8647475119821030405 2089.7841796875 2386.8349609375 0.6127107739448547 0.6829842925071716 0.7438144683837891 0.7799734473228455 54.953704833984375 48.66366958618164
8647475119821029548 10794.40625 11791.0947265625 0.5030146837234497 0.5025966167449951 0.8186980485916138 0.7905693054199219 108.10514831542969 105.94235229492188
8647475119821030888 1501.4896240234375 1597.217529296875 0.9127729535102844 0.9989882111549377 0.3481788635253906 0.24995285272598267 56.701942443847656 57.51384353637695
8647475119821029974 20829.51953125 24716.865234375 0.980196475982666 1.2335628271102905 0.5919206142425537 0.5396973490715027 74.1452407836914 75.0912094116211
8647475119820965170 1441.828857421875 1516.070068359375 0.4101506471633911 0.3916477859020233 0.999340832233429 0.8723832964897156 122.89230346679688 97.07682800292969
8647475119820965582 522.1304321289062 609.362548828125 0.6363292336463928 0.7857537269592285 0.6620302796363831 0.6283251047134399 137.90274047851562 128.09507751464844
8647475119820965623 556.71337890625 563.87890625 0.22044356167316437 0.16866958141326904 0.13458523154258728 0.17805196344852448 136.61354064941406 137.59474182128906
8647475119821030786 1462.345458984375 1495.47705078125 0.28994715213775635 0.24289055168628693 0.7810865640640259 0.6534258723258972 165.67709350585938 173.63546752929688
8647475119820964953 3546.970703125 4293.10498046875 1.0482535362243652 1.5793954133987427 0.4822787344455719 0.38140639662742615 72.20497131347656 70.6542739868164
8647475119821029549 8806.8662109375 11698.37109375 1.6248475313186646 2.9286983013153076 0.38473162055015564 0.32990244030952454 90.21004486083984 89.40813446044922
8647475119821030109 2039.3690185546875 2493.9921875 0.7765509486198425 1.0987743139266968 0.776616096496582 0.7684546709060669 170.29891967773438 172.25125122070312
8647475119821030519 3990.919189453125 4148.9892578125 0.32330167293548584 0.2695876359939575 0.9749040603637695 0.9715795516967773 50.84128189086914 53.97434616088867
8647475119821031331 1455.9168701171875 1765.7042236328125 1.3785817623138428 2.1999027729034424 0.2995654344558716 0.19999271631240845 6.999988555908203 8.190780639648438
8647475119821030862 888.1349487304688 890.2891235351562 0.47660931944847107 0.3663283884525299 0.3827497363090515 0.32720598578453064 179.96893310546875 179.0857696533203
8647475119820965770 657.2435913085938 648.1192626953125 0.9058187007904053 0.8822579383850098 0.4000400900840759 0.24977950751781464 73.4043197631836 72.23454284667969
8647475119820964844 2021.4205322265625 2056.11083984375 0.3109911382198334 0.23606345057487488 0.7286022901535034 0.7476757168769836 107.1910400390625 102.16697692871094
8647475119820964446 4886.474609375 5327.111328125 0.5408057570457458 0.5750854015350342 0.6032406687736511 0.52366703748703 39.05713653564453 38.49879455566406
8647475119820964633 9566.376953125 10342.5615234375 0.7357869148254395 0.7653515934944153 0.5391334295272827 0.4683772623538971 142.01223754882812 141.60336303710938
8647475119821032204 375.3770751953125 553.079345703125 1.0483773946762085 2.19522762298584 0.42014580965042114 0.372774213552475 57.38300704956055 40.2152099609375
8647475119821030478 8526.01171875 10176.822265625 0.636091947555542 0.8328869342803955 0.6786174178123474 0.5977608561515808 15.317949295043945 19.910221099853516
8647475119820964601 32753.14453125 43518.09765625 1.2390247583389282 1.937773585319519 0.7155171632766724 0.6807628870010376 70.68997955322266 70.15772247314453
8647475119821029404 500.3306884765625 512.1781005859375 0.4920431971549988 0.4605656564235687 0.5148137211799622 0.34110552072525024 39.67350769042969 37.6384162902832
8647475119821030051 3321.76318359375 3488.248046875 0.5476035475730896 0.5072057247161865 0.8881589770317078 0.8499160408973694 115.62626647949219 134.34146118164062
8647475119821031394 1345.5352783203125 1359.4296875 0.3671928644180298 0.2881159484386444 0.4465901553630829 0.3308561444282532 68.81083679199219 69.34374237060547
8647475119821030481 2269.03955078125 2341.166748046875 0.490825355052948 0.4289412796497345 0.4750337302684784 0.39999279379844666 97.55429077148438 100.25447082519531
8647474690861106858 1617.1163330078125 1643.516357421875 0.37178879976272583 0.2776637673377991 0.6898771524429321 0.7247145771980286 15.608377456665039 15.673948287963867
8647475119820965816 1492.5087890625 1610.8106689453125 0.5662540197372437 0.5844432711601257 0.3942878246307373 0.3247387707233429 161.60186767578125 161.84815979003906
8647475119821031877 411.1210021972656 431.3251647949219 0.4512230157852173 0.4163026511669159 0.05010560154914856 0.05000000074505806 171.42825317382812 156.27444458007812
8647475119820964545 10975.21875 14746.3779296875 1.1954641342163086 2.1578383445739746 0.8614001274108887 0.8151742219924927 114.7144775390625 113.97530364990234
8647475119820966345 466.63287353515625 565.1781005859375 1.1604074239730835 1.4970531463623047 0.15223366022109985 0.21002957224845886 121.5354232788086 121.2593765258789
8647474690861105917 43664.5859375 57823.3828125 1.5258463621139526 2.5184919834136963 0.6052145957946777 0.5793219208717346 1.6294910907745361 179.9689178466797
8647475119820964533 71078.875 97665.296875 2.3463151454925537 3.6941380500793457 0.5124987959861755 0.48641112446784973 119.91918182373047 119.83293914794922
8647475119820965023 2596.0224609375 2933.6083984375 0.7193454504013062 0.8776554465293884 0.7402966022491455 0.6294941306114197 39.28217697143555 34.46537399291992
8647475119821029526 4403.35693359375 5284.09765625 0.8744791150093079 1.202345371246338 0.4904157221317291 0.40811026096343994 153.794677734375 152.9529266357422
8647475119821030378 3342.285400390625 3406.758056640625 0.4642336666584015 0.37848716974258423 0.5390232801437378 0.47421783208847046 79.21349334716797 79.79842376708984
8647475119821030371 3501.7744140625 3775.329833984375 0.5145069360733032 0.5379237532615662 0.8999905586242676 0.7954434752464294 40.43269729614258 35.820858001708984
8647475119821030508 980.8430786132812 1025.2166748046875 0.588178277015686 0.4957881569862366 0.3004666268825531 0.35725513100624084 99.04544067382812 107.41992950439453
8647475119820965749 798.6185913085938 868.3703002929688 0.3527134954929352 0.39348411560058594 0.8138228058815002 0.6000697612762451 44.49408721923828 61.39570617675781
8647475119821029834 262.8909606933594 293.4499816894531 0.6182658672332764 0.7574544548988342 0.2627693712711334 0.15006454288959503 141.32826232910156 146.9115447998047
8647475119821031334 918.9910278320312 1002.5951538085938 0.5536243319511414 0.6018365025520325 0.5796669721603394 0.4499218463897705 107.81941223144531 99.78028106689453
8647474690861105972 9131.107421875 11393.21484375 1.0367255210876465 1.5626250505447388 0.3856988847255707 0.30526235699653625 166.63644409179688 167.2688446044922
8647474690861107073 417.6045227050781 422.419677734375 0.5042265057563782 0.44359543919563293 0.5063073635101318 0.3499799966812134 48.47180938720703 47.34257888793945
8647475119820965696 1131.9100341796875 1285.406005859375 1.0713791847229004 1.4475500583648682 0.3150917589664459 0.19655130803585052 74.79373168945312 74.53485870361328
8647475119821029433 1781.726318359375 1952.90087890625 1.2019461393356323 1.5186781883239746 0.2001015990972519 0.1069236770272255 124.53545379638672 124.1737289428711
8647475119821030092 5233.83984375 5463.10107421875 0.45962226390838623 0.41058385372161865 0.733544647693634 0.65343177318573 100.01870727539062 106.52385711669922
8647475119821029846 1453.443115234375 1876.62158203125 0.7774948477745056 1.2368550300598145 0.7593533396720886 0.6644256711006165 15.410900115966797 14.848000526428223
8647475119820964801 3173.800048828125 3394.40966796875 0.7495547533035278 0.7866024971008301 0.3140529990196228 0.21786537766456604 51.128597259521484 52.770484924316406
8647475119820965649 2473.90234375 3700.63671875 1.420973539352417 3.1896071434020996 0.6251552700996399 0.49991798400878906 16.404071807861328 16.261083602905273
8647475119820965523 2002.3988037109375 2387.27099609375 0.8572785258293152 1.1478030681610107 0.6999724507331848 0.6663523316383362 135.15846252441406 140.0908660888672
8647474690861105879 41629.1171875 53342.296875 0.83997642993927 1.2013176679611206 0.7805788516998291 0.7407492399215698 55.97786331176758 58.29622268676758
8647474690861171266 5886.6884765625 6475.888671875 0.8708036541938782 1.0043655633926392 0.45713773369789124 0.39818426966667175 56.01898956298828 54.58667755126953
8647475119820965598 1246.6763916015625 1400.6627197265625 0.9930896759033203 1.2887455224990845 0.22690919041633606 0.10036671906709671 138.15322875976562 135.77537536621094
8647475119820966360 709.2283935546875 785.870361328125 3.3146324157714844 3.481788158416748 0.1814051866531372 0.2765413522720337 0.031247247010469437 165.17132568359375
8647475119821031072 965.4488525390625 975.2230834960938 0.24720056354999542 0.18321557343006134 0.923725426197052 0.8804836273193359 20.521379470825195 21.568737030029297
8647475119821030130 9851.982421875 10739.21484375 0.7952621579170227 0.8820568323135376 0.4846488833427429 0.3992844223976135 71.44210052490234 70.53855895996094
8647475119821030910 1567.57958984375 1670.2623291015625 0.6425349712371826 0.6422390341758728 0.4236955940723419 0.3696005940437317 142.47608947753906 140.09454345703125
8647475119821029472 15971.587890625 18932.77734375 0.5519181489944458 0.6817950010299683 0.9963595867156982 0.9756150245666504 77.29615020751953 74.79793548583984
8647475119821030028 9738.0888671875 11043.0625 0.7668386697769165 0.8870223164558411 0.3639569580554962 0.3301772475242615 2.2193663120269775 179.96893310546875
8647475119820964921 1528.74951171875 1682.4246826171875 0.437871515750885 0.47930964827537537 0.5018350481987 0.43117913603782654 35.727272033691406 42.33734130859375
8647475119821029524 4785.4072265625 5008.23193359375 0.4988899528980255 0.45956018567085266 0.595336377620697 0.5295336842536926 157.5360870361328 158.88760375976562
8647475119821030413 5644.60693359375 6342.11572265625 0.705536961555481 0.7832898497581482 0.46331796050071716 0.45144709944725037 113.06214904785156 119.8707504272461
8647475119821030492 5598.38037109375 7124.3388671875 0.6593396663665771 0.9962562322616577 0.9997095465660095 0.896861732006073 118.25079345703125 78.49943542480469
8647475119820965622 1241.3614501953125 1472.33935546875 1.0245354175567627 1.4466890096664429 0.3599066436290741 0.2499760240316391 127.01970672607422 126.09699249267578
8647475119820965117 1042.049072265625 1523.3985595703125 0.6239665746688843 1.2633179426193237 0.3247727155685425 0.37649452686309814 115.5335464477539 116.64668273925781
8647475119821029873 1070.201904296875 1175.184326171875 0.7626286745071411 0.8467856645584106 0.3238239288330078 0.27619504928588867 104.64967346191406 106.19239807128906
8647475119821030359 2647.25244140625 2949.690185546875 0.8286306262016296 0.9926680326461792 0.4805283546447754 0.3933575749397278 141.1461944580078 142.97445678710938
8647475119820965100 2913.429931640625 3539.18408203125 1.1231743097305298 1.6506708860397339 0.43265625834465027 0.3498229682445526 150.78082275390625 150.79144287109375
8647475119821030529 4210.18701171875 4567.89697265625 0.42498111724853516 0.42421379685401917 0.8266135454177856 0.7796127796173096 96.76390838623047 102.53141784667969
8647475119821030531 13631.865234375 18172.22265625 2.298572301864624 4.332435607910156 0.44876042008399963 0.40654629468917847 55.875911712646484 56.37771987915039
8647475119821029503 1696.5550537109375 2224.54248046875 1.1103214025497437 1.898111343383789 0.6222341060638428 0.539473295211792 100.33296966552734 100.51033782958984
8647474690324234625 12602.9375 15075.341796875 0.6966615915298462 0.9025622010231018 0.5608482956886292 0.5272907018661499 73.93318176269531 74.34194946289062
8647474690861172502 1397.1729736328125 1510.96240234375 0.5651382207870483 0.5818024277687073 0.05254310742020607 0.09280746430158615 78.12996673583984 81.97807312011719
8647475119820964114 33349.5390625 44345.4765625 1.764564037322998 3.18933367729187 0.5611191987991333 0.5281938314437866 82.8774185180664 83.25873565673828
8647475119820964902 5668.54541015625 7822.5615234375 1.2882171869277954 2.4269444942474365 0.9336679577827454 0.8798622488975525 50.47111892700195 52.635555267333984
8647474690861171958 1367.6217041015625 1403.0687255859375 0.47210365533828735 0.39730262756347656 0.30602574348449707 0.20472998917102814 134.20603942871094 136.5266571044922
8647475119820964541 108.51275634765625 100.26991271972656 1.135260820388794 0.8823627233505249 0.05000000074505806 0.05000000074505806 92.56270599365234 92.30320739746094
8647475119820965154 1066.83251953125 1160.9376220703125 0.48396268486976624 0.521037220954895 0.083240807056427 0.05000000074505806 0.03125268593430519 0.03125268593430519
8647475119820964202 241.879638671875 267.72540283203125 0.40468719601631165 0.4781760275363922 0.07727675139904022 0.05000000074505806 40.34601974487305 48.436241149902344
8647475119820965810 408.8616027832031 456.4215393066406 3.4112162590026855 5.341158866882324 0.29966479539871216 0.26876598596572876 49.740936279296875 44.88359069824219
8647475119820966590 284.4903564453125 538.6708374023438 1.54579758644104 4.736938953399658 0.05000000074505806 0.11907034367322922 32.1767692565918 44.156105041503906
8647475119821030497 3024.89892578125 3140.3955078125 0.36885422468185425 0.3132912516593933 0.618709146976471 0.5648549199104309 166.6678466796875 164.85787963867188
8647475119821031262 3011.8759765625 4064.8037109375 1.0867441892623901 1.9003562927246094 0.8380389213562012 0.7918192744255066 90.55279541015625 94.52503204345703
8647475119821030901 2080.980712890625 2824.798828125 1.126176118850708 2.0765225887298584 0.7000194787979126 0.5926372408866882 169.3677215576172 170.73423767089844
8647475119820965586 1897.703125 2495.5830078125 1.1386338472366333 1.9134454727172852 0.8216347694396973 0.7468422055244446 163.13819885253906 165.13421630859375
8647475119820964610 14562.212890625 19089.609375 0.6769712567329407 1.0316389799118042 0.9790136814117432 0.9522459506988525 102.74453735351562 74.64736938476562
8647475119820965221 2703.689208984375 3101.376708984375 0.712547779083252 0.8796136975288391 0.8064398169517517 0.7525807023048401 67.23504638671875 66.67263793945312
8647475119821031259 1625.29296875 1673.7664794921875 0.4934237003326416 0.41201144456863403 0.5624273419380188 0.5429843664169312 178.24703979492188 179.17648315429688
8647475119820965177 1295.4735107421875 1269.97265625 0.5408055186271667 0.39006903767585754 0.30610334873199463 0.2400556355714798 85.7707290649414 85.84420013427734
8647475119821029587 558.8426513671875 570.2724609375 0.4577523469924927 0.37176668643951416 0.08872631192207336 0.05000000074505806 20.225297927856445 24.3099365234375
8647475119821029593 20596.576171875 25432.001953125 0.7699219584465027 1.0065971612930298 0.8215781450271606 0.8099120855331421 82.95993041992188 81.06558990478516
8647475119821031963 726.8824462890625 946.2365112304688 0.552334189414978 1.2240140438079834 0.6079638600349426 0.160127192735672 108.55531311035156 91.9024429321289
8647475119820964104 104093.828125 139320.953125 3.5688834190368652 6.778030872344971 0.4380207061767578 0.445514053106308 45.21160125732422 44.550514221191406
8647475119820965746 1457.4854736328125 1657.6636962890625 1.1521621942520142 1.5458006858825684 0.18199916183948517 0.07620806992053986 132.49456787109375 132.4120330810547
8647475119821030108 1982.1380615234375 2106.540283203125 0.678745687007904 0.6710830330848694 0.20530717074871063 0.15836772322654724 28.690521240234375 28.440908432006836
8647474690861172163 1529.2222900390625 1663.4395751953125 0.7710109353065491 0.8870188593864441 0.4439455568790436 0.3417249023914337 114.37850952148438 116.07821655273438
8647474690861106348 1767.4949951171875 2128.981201171875 1.1370718479156494 1.7052628993988037 0.5729857683181763 0.48470279574394226 5.488844871520996 6.156245231628418
8647475119821030896 1302.9139404296875 1420.9132080078125 0.6239360570907593 0.7079522013664246 0.9502569437026978 0.8705604076385498 8.761887550354004 12.934685707092285
8647475119820965771 1011.017578125 1052.6005859375 0.714430570602417 0.7131542563438416 0.5463123321533203 0.4306982755661011 128.24745178222656 131.02957153320312
8647475119820964572 10573.6181640625 12952.8701171875 1.6961814165115356 2.646876573562622 0.2153128683567047 0.15695984661579132 25.0112361907959 24.88456916809082
8647475119820964199 1066.4990234375 1488.56005859375 1.5910212993621826 3.3541650772094727 0.7534744143486023 0.5266852974891663 85.72964477539062 92.01929473876953
8647475119820964470 2216.849365234375 2607.5908203125 0.6882896423339844 0.8820610642433167 0.8266248106956482 0.8039057850837708 49.3038444519043 48.63919448852539
8647475119821029972 10379.52734375 11722.4609375 0.5540214776992798 0.5980330109596252 0.7420360445976257 0.7537575364112854 89.23876953125 83.41815185546875
8647474690861106169 5771.70263671875 7081.1044921875 0.8117346167564392 1.1425073146820068 0.7138141393661499 0.6585606336593628 93.9913101196289 89.69708251953125
8647475119820964100 1040163.125 1040046.6875 0.29476502537727356 0.19545778632164001 0.787168562412262 0.7002575993537903 147.69326782226562 147.80621337890625
8647475119820964131 1607.60205078125 1659.2252197265625 0.5497000813484192 0.47645193338394165 0.42268106341362 0.37896841764450073 91.6360092163086 94.44529724121094
8647475119820964869 1559.3316650390625 1729.293701171875 0.6200916171073914 0.6810148358345032 0.05159642547369003 0.05000000074505806 146.57717895507812 147.85348510742188
8647475119821030928 1921.7135009765625 2023.303466796875 0.5008519887924194 0.4563502073287964 0.7183895111083984 0.7360650300979614 139.30166625976562 136.79464721679688
8647475119821029443 231.4248046875 266.2606201171875 1.1764532327651978 1.5168343782424927 0.05000000074505806 0.05000000074505806 55.46297836303711 56.14874267578125
8647475119821029869 7702.23486328125 9050.4755859375 0.5061837434768677 0.6224238872528076 0.9885342121124268 0.9361860752105713 54.645103454589844 61.53226089477539
8647474690861172452 1133.4461669921875 1176.731689453125 0.7905339598655701 0.7408273816108704 0.2381242960691452 0.20966778695583344 54.122650146484375 52.611915588378906
8647475119821030088 2269.653564453125 2295.694580078125 0.4012790024280548 0.3116116225719452 0.22658194601535797 0.09995996206998825 161.7554473876953 159.78929138183594
8647475119821030388 2719.48974609375 2766.927490234375 0.394215852022171 0.3156633973121643 0.42116397619247437 0.329056978225708 161.82872009277344 161.88392639160156
8647474690861105355 1820.906982421875 2171.8642578125 1.1930595636367798 1.66838800907135 0.11945688724517822 0.13796710968017578 144.34275817871094 144.58155822753906
8647475119821030470 1771.6668701171875 1799.587646484375 0.35849112272262573 0.27332255244255066 0.2304765284061432 0.18149077892303467 51.02605056762695 49.30305862426758
8647475119821029870 5968.66064453125 6661.61669921875 0.7635795474052429 0.8822681307792664 0.5064173340797424 0.4598686099052429 3.616232395172119 5.121526718139648
8647475119821030466 1544.19677734375 1621.4088134765625 0.531734049320221 0.49750375747680664 0.6537213921546936 0.5951530337333679 168.5680694580078 170.329345703125
8647474690861105334 6664.89453125 7884.02294921875 0.5527930855751038 0.7026219964027405 0.9091463088989258 0.8510667085647583 49.839561462402344 55.05640411376953
8647475119820964192 1033617.0 1033894.0 0.21044029295444489 0.1362118124961853 0.9500480890274048 0.9352155327796936 9.105475425720215 7.977863311767578
8647475119820964426 2106.381103515625 2245.643310546875 0.5399436354637146 0.5252096652984619 0.672799825668335 0.6278320550918579 111.73114776611328 108.33396911621094
8647475119820964879 2247.6796875 2312.565673828125 0.5647304654121399 0.48602747917175293 0.4969034194946289 0.4659097194671631 14.766172409057617 13.198275566101074
8647475119820966343 848.51904296875 873.6138916015625 0.45712944865226746 0.39788341522216797 0.36904171109199524 0.22917629778385162 31.33259391784668 34.029754638671875
8647475119820965101 890.6660766601562 911.7467041015625 0.5988867878913879 0.5685329437255859 0.799874484539032 0.6721741557121277 100.7283935546875 97.16417694091797
8647475119820965172 2234.832275390625 2638.672119140625 1.0914539098739624 1.5163824558258057 0.4554947018623352 0.3803175687789917 133.65151977539062 132.00999450683594
8647475119820965618 1059.526123046875 1102.321533203125 0.6049233675003052 0.5685269236564636 0.22444985806941986 0.13525459170341492 159.0254669189453 163.23899841308594
8647475119821031127 1054.405029296875 1065.4185791015625 0.42081600427627563 0.3362381160259247 0.3022681474685669 0.16884806752204895 163.41868591308594 163.57595825195312
8647474690861173098 428.18829345703125 595.5808715820312 1.1747896671295166 1.8397678136825562 0.4314061403274536 0.5402089357376099 92.02790832519531 107.18811798095703
8647475119820965648 1059.4293212890625 1207.9227294921875 0.6988850235939026 0.8371245861053467 0.5734621286392212 0.5022994875907898 34.25996017456055 38.29069137573242
8647475119821030016 5771.77392578125 6509.7646484375 0.502373218536377 0.5511694550514221 0.7803531289100647 0.7837836742401123 175.17886352539062 9.097845077514648
8647475119821030903 2110.066162109375 2370.292236328125 0.9204012155532837 1.1122462749481201 0.31920355558395386 0.2518765330314636 153.3622589111328 151.35836791992188
8647475119820964603 3751.436767578125 4941.1328125 1.2468966245651245 2.1019234657287598 0.3592209219932556 0.33786043524742126 73.80470275878906 75.0221939086914
8647474690861107290 1002.3485717773438 1032.8743896484375 0.4768531918525696 0.40035489201545715 0.5157772302627563 0.46949487924575806 104.14861297607422 104.75540161132812
8647475119820964039 735.8555297851562 851.7329711914062 0.5246996879577637 0.7132396101951599 0.23840714991092682 0.15001438558101654 146.5826416015625 147.53448486328125
8647474690861105963 46020.48046875 55370.7421875 1.6724902391433716 2.465890884399414 0.37050381302833557 0.34193697571754456 112.49474334716797 112.68766784667969
8647475119820964424 7987.93994140625 9280.89453125 0.8304480314254761 1.0629076957702637 0.6189357042312622 0.5515018105506897 71.73963165283203 73.48727416992188
8647475119821030383 1893.2176513671875 1941.9158935546875 0.2910354435443878 0.2262483537197113 0.6046717762947083 0.6477400660514832 14.247544288635254 13.10886001586914
8647475119821030761 1696.84130859375 1831.80908203125 0.420389324426651 0.41323551535606384 0.81582111120224 0.7771811485290527 44.36494064331055 46.29058837890625
8647475119820964629 7479.93505859375 9113.1923828125 0.990520715713501 1.4033141136169434 0.6696719527244568 0.6427828073501587 124.1028823852539 122.73230743408203
8647474690861171665 132.6764373779297 382.5703430175781 1.4242852926254272 7.942302227020264 0.05000000074505806 0.05000000074505806 83.31510162353516 37.17060852050781
8647475119821029507 2953.9267578125 4060.84912109375 1.0818721055984497 2.0011935234069824 0.673021137714386 0.602144718170166 134.60032653808594 137.10650634765625
8647475119821031402 1205.0614013671875 1346.6773681640625 0.8815369009971619 1.104559063911438 0.46008068323135376 0.3389211893081665 121.50108337402344 119.46322631835938
8647475119821030516 4477.75146484375 5141.478515625 0.7089170217514038 0.8469918370246887 0.8548212051391602 0.8451619148254395 91.65362548828125 91.2491226196289
8647475119821030117 12813.3896484375 14465.0712890625 0.6327342987060547 0.6896197199821472 0.5946655869483948 0.5999240875244141 10.853696823120117 18.243955612182617
8647474690861105733 1384.093505859375 1511.71630859375 0.5381836891174316 0.5699664950370789 0.7435707449913025 0.7055782675743103 141.09754943847656 141.77426147460938
8647475119820964529 13341.9013671875 17553.80859375 1.0178923606872559 1.6148923635482788 0.681106448173523 0.6475346684455872 116.12071228027344 115.34770965576172
8647475119821031066 1378.742431640625 1437.332275390625 0.6627489328384399 0.7081375122070312 0.754133939743042 0.5720813274383545 13.283099174499512 11.506003379821777
8647475119820964418 813.056396484375 901.860595703125 0.32650911808013916 0.38974589109420776 0.37002503871917725 0.3269670307636261 70.48204040527344 96.12517547607422
8647475119820966089 1854.0213623046875 2052.82275390625 0.5462014079093933 0.5726665258407593 0.5112906098365784 0.5280053615570068 89.20501708984375 97.86293029785156
8647475119821029936 4976.04638671875 5386.642578125 0.9259639382362366 1.0279837846755981 0.2999989688396454 0.22182537615299225 62.81499481201172 61.90528106689453
8647475119820964951 753.62939453125 888.2598266601562 0.5080128312110901 0.5161769986152649 0.3896932601928711 0.7848082780838013 62.12702941894531 76.32284545898438
8647474690861106233 1391.4853515625 1424.039306640625 0.43380987644195557 0.36628928780555725 0.3551247715950012 0.30101463198661804 54.20841598510742 51.58446502685547
8647474690861106917 428.9630126953125 436.9535827636719 0.3345988988876343 0.2628530263900757 0.0965823382139206 0.05000000074505806 36.490264892578125 39.05128860473633
8647475119820964948 7285.7255859375 9266.8837890625 1.2731692790985107 2.1239728927612305 0.6214196085929871 0.5499917268753052 98.77766418457031 96.83985900878906
8647475119820965134 806.0961303710938 842.2933349609375 0.7327017188072205 0.7958533763885498 0.7958884239196777 0.6079000234603882 105.0491714477539 103.77192687988281
8647475119820965106 616.1992797851562 638.5300903320312 0.6587635278701782 0.7807146310806274 0.5648477077484131 0.16693897545337677 72.56387329101562 61.07929992675781
8647475119821030907 1440.448974609375 1495.085693359375 0.537372350692749 0.5027629733085632 0.5243151783943176 0.3999854326248169 64.64022827148438 61.2706413269043
8647475119820964116 1228.347900390625 1693.2174072265625 1.2120039463043213 2.112065315246582 0.42292094230651855 0.40165627002716064 41.46392059326172 45.564414978027344
8647475119820964208 345.3590393066406 354.73382568359375 0.99937903881073 1.0101655721664429 0.05000000074505806 0.05000000074505806 39.63092041015625 39.44535827636719
8647475119820965865 1287.8560791015625 1324.831298828125 0.3529299199581146 0.2963160574436188 0.7931277751922607 0.7425610423088074 75.36036682128906 49.29341506958008
8647475119821030019 1766.138671875 1910.299560546875 0.24257808923721313 0.3025522232055664 0.45884114503860474 0.26829952001571655 15.850932121276855 17.099266052246094
8647475119821029837 69202.859375 78142.234375 1.166172981262207 1.2031866312026978 0.4556553065776825 0.45765793323516846 90.80328369140625 90.76162719726562
8647475119820964928 6273.81103515625 7431.74755859375 1.245962381362915 1.7287641763687134 0.323566198348999 0.2823551297187805 61.110328674316406 61.6596794128418
8647475119820964812 2479.954833984375 2834.57666015625 0.6191646456718445 0.7199222445487976 0.6702965497970581 0.6492350101470947 77.5862808227539 71.36425018310547
8647475119820964835 3029.48291015625 3183.538818359375 0.4747956097126007 0.41406679153442383 0.5244839787483215 0.5243037939071655 15.350027084350586 17.30698585510254
8647475119820964586 843.1964111328125 852.959228515625 0.7015349268913269 0.6457675099372864 0.3791416585445404 0.2364223152399063 79.23107147216797 80.54131317138672
8647475119820965032 1031.748291015625 1043.5841064453125 0.3496936559677124 0.24978429079055786 0.8728693723678589 0.9773139357566833 84.140380859375 83.93881225585938
8647475119820964106 1896.853271484375 2069.4462890625 0.639571487903595 0.6875830888748169 0.4541880488395691 0.39180636405944824 17.812862396240234 19.272945404052734
8647475119821029910 27585.259765625 34523.3515625 0.8061366677284241 1.1138088703155518 0.9107328653335571 0.8773877620697021 99.59102630615234 101.08043670654297
8647475119821029991 8068.384765625 9028.7822265625 0.6373169422149658 0.7045221328735352 0.5733627676963806 0.5428726077079773 129.9835205078125 127.94420623779297
8647475119821030125 16935.26953125 22097.41796875 1.2443366050720215 2.053407907485962 0.7707046270370483 0.7480741739273071 35.61408996582031 36.31658935546875
8647475119821030358 3915.969482421875 4289.8037109375 0.713386595249176 0.7642116546630859 0.3425099849700928 0.2838609218597412 172.51573181152344 170.98731994628906
8647475119821030536 1555.7554931640625 1781.591796875 0.24759705364704132 0.43439358472824097 0.9112194180488586 0.383700966835022 42.365272521972656 32.25470733642578
8647475119821030930 1778.867919921875 1909.4910888671875 0.6532687544822693 0.6785163879394531 0.8733653426170349 0.8641647100448608 135.9190216064453 133.85906982421875
8647475119821030086 3790.069091796875 3953.239013671875 0.3348470628261566 0.28422629833221436 0.8711760640144348 0.8865033984184265 16.74006462097168 45.15955352783203
8647475119821031392 2293.711181640625 2700.50390625 0.6613216996192932 0.8540508151054382 0.829889714717865 0.7795976400375366 122.2696304321289 136.3769073486328
8647474690861173078 906.69140625 1015.1394653320312 0.8127784729003906 0.9549560546875 0.24193724989891052 0.17851775884628296 17.177467346191406 16.549026489257812
8647474690861171662 1821.370849609375 2559.487548828125 0.7859241366386414 1.4012668132781982 0.5839402079582214 0.6100853085517883 43.05431365966797 39.1337776184082
8647475119821030118 1177.9044189453125 1783.0008544921875 2.3960556983947754 4.56709623336792 0.15000031888484955 0.17564448714256287 164.99269104003906 157.1082000732422
8647475119820964896 2458.638427734375 2620.697265625 0.6617535352706909 0.6612512469291687 0.33278924226760864 0.2837064266204834 160.4289093017578 161.8035888671875
8647475119820966463 578.48583984375 555.9217529296875 0.6154595613479614 0.45633822679519653 0.9152628183364868 0.9541251063346863 82.49372863769531 48.07976531982422
8647475119821031313 2274.98681640625 2496.806640625 0.6184046268463135 0.6613168716430664 0.6877896189689636 0.6308850646018982 75.7065658569336 78.39153289794922
8647475119820964836 3013.018798828125 3826.240966796875 1.3218467235565186 2.108124256134033 0.30813437700271606 0.2710898220539093 142.90321350097656 141.47634887695312
8647475119820964906 4212.3544921875 4313.4560546875 0.3290046751499176 0.26846006512641907 0.7075043320655823 0.6368885636329651 55.541831970214844 57.013153076171875
8647475119820965713 271.9126892089844 386.7715148925781 0.9619005918502808 2.1216118335723877 0.44968926906585693 0.2850742042064667 13.83164119720459 0.026169011369347572
8647475119820964554 13225.6884765625 14805.8212890625 0.7776553630828857 0.8794227242469788 0.4314802885055542 0.3719160258769989 65.86927032470703 66.11042785644531
8647474690861106953 1612.206298828125 1866.32470703125 1.0820587873458862 1.492568850517273 0.2913804352283478 0.19645774364471436 129.7293243408203 126.9581069946289
8647475119821030377 2266.64111328125 2303.705810546875 0.311653733253479 0.24065065383911133 0.7822305560112 0.7499902844429016 25.648283004760742 22.535072326660156
8647475119821030480 3075.729248046875 3451.14013671875 0.8951311707496643 1.0989645719528198 0.41256874799728394 0.33212611079216003 46.28645706176758 46.328006744384766
8647474690861105314 3085.508544921875 4642.23291015625 1.2726497650146484 2.6468610763549805 0.9649800062179565 0.985332190990448 103.6418228149414 75.65569305419922
8647475119821029926 2797.258544921875 3620.227783203125 1.2808434963226318 2.1328752040863037 0.356388658285141 0.2806430160999298 79.75498962402344 78.15518188476562
8647475119820965699 1228.017822265625 1377.5609130859375 0.886846661567688 1.1008750200271606 0.49993541836738586 0.3941654860973358 103.79035949707031 106.1363296508789
8647475119820964173 832.646728515625 876.7364501953125 0.4520920217037201 0.4238964319229126 0.3999275863170624 0.30715009570121765 91.81602478027344 89.75556182861328
8647475119821030091 9895.2236328125 11389.130859375 0.714587390422821 0.8785646557807922 0.7897745966911316 0.7119255065917969 159.60269165039062 160.0293426513672
8647474690861106124 2987.0 3187.982177734375 0.7701376676559448 0.8102889060974121 0.32849520444869995 0.24997298419475555 48.59151077270508 49.5938835144043
8647475119821030936 2271.7158203125 2403.80517578125 0.5880233645439148 0.5639967918395996 0.6315589547157288 0.5784396529197693 170.9772186279297 176.83413696289062
8647475119820964783 1921.7032470703125 1934.54736328125 0.333739310503006 0.250264436006546 0.8454569578170776 0.8051150441169739 126.99088287353516 126.4709701538086
8647475119821030434 8247.998046875 11163.4501953125 2.3010127544403076 4.382254123687744 0.25418129563331604 0.19518989324569702 12.546553611755371 12.538973808288574
8647475119821030026 4144.10888671875 4130.6767578125 0.33757534623146057 0.23606963455677032 0.7521095871925354 0.7754604816436768 102.01180267333984 103.26351928710938
8647475119821029851 5289.2890625 5505.48291015625 0.3268324136734009 0.27662625908851624 0.7387262582778931 0.737747848033905 102.7534408569336 105.2670669555664
8647475119821030008 1122.1492919921875 1646.952880859375 0.5297381281852722 0.9178071022033691 0.4184126853942871 0.7758203148841858 128.1754150390625 96.77323913574219
8647475119820965959 519.8496704101562 526.5333251953125 0.6744464039802551 0.5698774456977844 0.05000000074505806 0.05000000074505806 68.19583892822266 67.13528442382812
8647475119820964535 2371.133544921875 3418.322021484375 0.6763058304786682 1.2977241277694702 0.9967106580734253 0.9078229069709778 128.59780883789062 130.26112365722656
8647475119820966008 1016.010009765625 1102.9781494140625 0.738997757434845 0.7829485535621643 0.05000000074505806 0.05000000074505806 125.26937866210938 123.75940704345703
8647475119820965204 1703.90576171875 2313.548828125 1.1370735168457031 2.1246743202209473 0.7834019064903259 0.6931788921356201 12.288788795471191 0.404531329870224
8647474690861171859 65.22734069824219 128.21878051757812 0.24443192780017853 1.9494388103485107 0.3993457555770874 0.05000000074505806 163.74183654785156 158.97744750976562
8647475119820966041 1256.297119140625 1266.26123046875 0.3042171001434326 0.21657618880271912 0.06517726182937622 0.09995439648628235 142.70506286621094 142.507568359375
8647475119821030920 1554.1820068359375 1614.96435546875 0.6002637147903442 0.5325218439102173 0.3750317394733429 0.3588760197162628 75.6102294921875 75.1912841796875
8647475119821029939 7319.50341796875 8937.365234375 0.789836585521698 1.0990082025527954 0.9544183611869812 0.9523411393165588 12.790538787841797 12.576257705688477
8647475119821031129 1471.54541015625 1504.8114013671875 0.3844039738178253 0.28811749815940857 0.8095200061798096 0.9232659339904785 77.36550903320312 110.91719818115234
8647475119820964447 8062.34814453125 9093.7607421875 0.9366384744644165 1.1449874639511108 0.4117809534072876 0.34222397208213806 152.2628631591797 152.68536376953125
8647475119820965118 476.68902587890625 699.8529663085938 1.5281717777252197 3.30660080909729 0.05000000074505806 0.05668998509645462 140.83274841308594 133.06146240234375
8647475119821030030 1137.1239013671875 1293.8814697265625 0.9125621318817139 1.172049641609192 0.6254217624664307 0.5457146763801575 0.03125026449561119 0.03125026449561119
8647475119820964570 10810.423828125 14849.40234375 1.504940152168274 2.7143373489379883 0.6297095417976379 0.6065449714660645 43.476097106933594 40.673431396484375
8647475119820964169 2458.47900390625 3342.302734375 1.0434374809265137 1.8252012729644775 0.8733443021774292 0.8475216031074524 48.66868209838867 46.249141693115234
8647475119821029864 5785.26513671875 6744.658203125 0.670851469039917 0.8358808755874634 0.8449046611785889 0.8031148314476013 166.7255401611328 165.89930725097656
8647475119820965095 1317.640625 1319.171630859375 0.39077383279800415 0.2940930128097534 0.5494416952133179 0.47711828351020813 115.85492706298828 118.22772979736328
8647474690861106947 821.377197265625 944.6702880859375 0.48759499192237854 0.5735332369804382 0.5653073787689209 0.57750004529953 21.720666885375977 27.62879180908203
8647475119821030050 9392.6572265625 10726.5078125 0.7490565180778503 0.8821214437484741 0.8790428638458252 0.855749785900116 11.598628044128418 13.82761001586914
8647475119820964945 10293.7646484375 13649.5029296875 1.324334740638733 2.283128499984741 0.6805667281150818 0.661210834980011 19.691993713378906 20.227930068969727
8647475119821030417 1520.7086181640625 1566.57470703125 0.32847118377685547 0.2879708707332611 0.6337055563926697 0.527090311050415 29.45873260498047 19.627567291259766
8647475119821030525 4366.99560546875 4593.01025390625 0.3931159973144531 0.3436332046985626 0.667512834072113 0.6653394103050232 170.98960876464844 172.03738403320312
8647475119821030539 2697.2705078125 2900.973388671875 0.6328314542770386 0.635752260684967 0.4894799590110779 0.45319750905036926 98.9535903930664 99.92849731445312
8647475119820966060 627.8562622070312 638.7691040039062 0.5053004622459412 0.4151384234428406 0.06906723231077194 0.05000000074505806 72.4231185913086 68.15821075439453
8647475119821031949 565.9342041015625 597.7012329101562 0.6795681118965149 0.6960657835006714 0.056803490966558456 0.05000000074505806 104.33291625976562 103.323486328125
8647474690861105830 11934.994140625 13800.4375 0.612789511680603 0.7105501294136047 0.7246303558349609 0.7176561951637268 149.0078582763672 151.50027465820312
8647475119820965889 1525.3345947265625 1535.4190673828125 0.3790287971496582 0.29415565729141235 0.4455675184726715 0.33194708824157715 84.95511627197266 83.39051055908203
8647475119821030419 4862.42919921875 5872.24853515625 0.6463634371757507 0.8492717742919922 0.7325735092163086 0.7144635319709778 16.28834342956543 15.478135108947754
8647475119821030884 1793.8304443359375 1818.2059326171875 0.42705872654914856 0.3341871500015259 0.6351907849311829 0.6095760464668274 75.51475524902344 73.4148178100586
8647475119821029530 2459.126708984375 3081.597412109375 1.5045026540756226 2.3710341453552246 0.2423763871192932 0.21373093128204346 78.80917358398438 79.51072692871094
8647475119820964863 5630.54345703125 6579.98046875 0.808167040348053 1.0374176502227783 0.5502907633781433 0.4830295741558075 43.869483947753906 43.22999572753906
8647475119820965194 1303.90087890625 1453.5682373046875 1.207198143005371 1.5457559823989868 0.18673603236675262 0.16633270680904388 63.79332733154297 64.61107635498047
8647475119821029453 1597.4700927734375 1616.91455078125 0.31664764881134033 0.2361055165529251 0.4071092903614044 0.4170268177986145 140.4591827392578 142.3467559814453
8647475119821029523 3884.991455078125 3997.669921875 0.3104923367500305 0.262647420167923 0.5739650130271912 0.46680161356925964 178.04824829101562 179.96893310546875
8647475119821029914 18992.771484375 22291.390625 0.6780654788017273 0.8127402663230896 0.9668402671813965 0.9568086862564087 39.497215270996094 11.352205276489258
8647475119820965551 1581.381591796875 1687.0623779296875 0.5878716707229614 0.568535566329956 0.8081402778625488 0.7997800707817078 21.73655891418457 10.9456205368042
8647474690861173317 279.8398742675781 258.5876770019531 0.5623944401741028 0.3662891089916229 0.5496153235435486 0.438869446516037 53.97980499267578 50.45594787597656
8647475119820965126 1906.6552734375 2020.7530517578125 0.5880729556083679 0.5878053903579712 0.6999055743217468 0.5763422250747681 138.97743225097656 139.9833221435547
8647475119821030932 1947.142333984375 1984.2877197265625 0.49732327461242676 0.42861664295196533 0.37392643094062805 0.25514259934425354 84.63571166992188 85.3958969116211
8647475119821031190 1956.91552734375 2119.778076171875 0.5256829857826233 0.5506187081336975 0.636081337928772 0.5353158712387085 153.29466247558594 143.70387268066406
8647475119820964094 12369.2744140625 14944.9248046875 0.9843867421150208 1.3691142797470093 0.5452655553817749 0.5021899938583374 83.34779357910156 82.71369934082031
8647475119821030872 1697.18115234375 1730.2601318359375 0.47214558720588684 0.3926358222961426 0.715748131275177 0.6412163376808167 88.95279693603516 91.90318298339844
8647475119821030141 6413.50732421875 7573.69482421875 0.5497240424156189 0.6816375255584717 0.9152972102165222 0.8843984603881836 46.48345947265625 46.84659194946289
8647474690861107596 257.89312744140625 244.4521026611328 0.4361322522163391 0.23607291281223297 0.09041094779968262 0.09578218311071396 157.24530029296875 157.42820739746094
8647475119820964842 1304.006103515625 1624.8818359375 1.3561581373214722 2.219845771789551 0.2666417956352234 0.17092198133468628 4.71004056930542 5.449505805969238
8647475119820964189 282.9139099121094 294.2351379394531 0.5849717259407043 0.5230188369750977 0.0818788930773735 0.05000000074505806 113.96437072753906 102.51750183105469
8647474690861171281 5483.53271484375 5850.5625 0.782991886138916 0.8185679316520691 0.38138347864151 0.33197256922721863 23.32025718688965 22.975540161132812
8647475119820964630 4016.577392578125 4270.982421875 0.7037772536277771 0.7090975642204285 0.41080978512763977 0.360850989818573 110.3447036743164 108.11065673828125
8647475119820964115 530.7616577148438 855.202392578125 2.006340503692627 4.4305901527404785 0.11267202347517014 0.1594199538230896 127.83058166503906 126.24024963378906
8647475119820965040 591.2525634765625 587.2465209960938 0.16919375956058502 0.09811248630285263 0.22520357370376587 0.13173842430114746 38.59274673461914 40.00306701660156
8647475119821031109 2308.02783203125 2654.078857421875 1.2034703493118286 1.7237597703933716 0.1499962955713272 0.05000000074505806 45.4642333984375 45.8076057434082
8647475119820964640 535.1988525390625 593.7422485351562 0.8729531764984131 1.08466374874115 0.4168817400932312 0.2805771231651306 41.4322509765625 49.682254791259766
8647475119821030494 863.168701171875 1029.2391357421875 0.8244375586509705 1.0092860460281372 0.17589958012104034 0.2594875395298004 22.97024917602539 18.99360466003418
8647475119821030503 895.4526977539062 921.6505737304688 0.3867265284061432 0.32188254594802856 0.05000000074505806 0.05000000074505806 99.1146240234375 101.06820678710938
8647474690861105831 4058.859619140625 4537.8154296875 0.34535402059555054 0.36301499605178833 0.9007523655891418 0.9805708527565002 156.57261657714844 129.6012420654297
8647475119821029990 13474.9599609375 15196.724609375 0.7762383222579956 0.8884466886520386 0.6209663152694702 0.5865940451622009 160.82679748535156 161.16470336914062
8647475119820965098 2799.996826171875 3557.273193359375 1.13983154296875 1.8457568883895874 0.7505958676338196 0.6758260130882263 12.110652923583984 9.057984352111816
8647475119821031364 2770.064453125 3676.9970703125 1.074031114578247 1.8526445627212524 0.8220899105072021 0.760963499546051 167.35174560546875 167.6182098388672
8647475119820965911 1311.666015625 1573.279296875 1.3696101903915405 2.141663074493408 0.29999223351478577 0.19999399781227112 56.93227767944336 58.19570541381836
8647475119821030431 2143.278564453125 2478.04736328125 0.534048318862915 0.6020315289497375 0.6639686226844788 0.7226338386535645 136.65139770507812 131.1561279296875
8647475119820965050 1405.990234375 1432.213134765625 0.21223124861717224 0.1661328375339508 0.7409446835517883 0.7141481041908264 16.560232162475586 42.36919021606445
8647474690861105829 30476.91015625 42298.32421875 1.1920106410980225 1.9264222383499146 0.7109302878379822 0.7151659727096558 54.4339485168457 54.314849853515625
8647475119820964197 533.1502685546875 531.5613403320312 0.2295677810907364 0.15211158990859985 0.24991394579410553 0.08018573373556137 100.48343658447266 101.23029327392578
8647475119821030040 1319.345458984375 1795.7568359375 0.6461511850357056 1.288896083831787 0.44573739171028137 0.2728399634361267 24.996503829956055 13.805798530578613
8647475119820965152 2418.1337890625 3274.802001953125 1.2441085577011108 2.274563789367676 0.569430410861969 0.4809253513813019 40.7893180847168 40.25787353515625
8647475119821029976 12410.8876953125 16489.2421875 0.9437770843505859 1.4514002799987793 0.7883541584014893 0.7964919805526733 98.74974060058594 98.26883697509766
8647474690861106774 1166.7913818359375 1166.1151123046875 0.4754927456378937 0.3663231432437897 0.3258713185787201 0.23519471287727356 106.6827621459961 103.96266174316406
8647474690861171669 76.12805938720703 77.58496856689453 0.11283481121063232 0.089969702064991 0.9965925216674805 0.9994412660598755 51.20230484008789 52.819976806640625
8647474690861172359 2045.6480712890625 2317.54736328125 0.6363554000854492 0.8016735315322876 0.9082736968994141 0.7183576226234436 56.83328628540039 27.130971908569336
8647475119821030067 32623.185546875 39201.7578125 1.2030153274536133 1.5089703798294067 0.5182247161865234 0.47913041710853577 34.460670471191406 34.07275390625
8647474690861107120 646.7725830078125 665.7078247070312 0.7326208353042603 0.881644606590271 0.8317970037460327 0.4784773588180542 142.31260681152344 143.8878631591797
8647475119821031188 2130.964111328125 2378.141845703125 0.7327101826667786 0.88227379322052 0.6945577263832092 0.5649098753929138 28.421403884887695 25.409408569335938
8647475119820964830 1753.842529296875 1787.865478515625 0.45237666368484497 0.36626026034355164 0.06438231468200684 0.05000000074505806 79.88736724853516 79.01451110839844
8647475119820965755 1837.488037109375 2254.69921875 1.4164880514144897 2.1883199214935303 0.3378503620624542 0.27649909257888794 47.566715240478516 47.83824157714844
8647475119820964123 2898.64013671875 5007.38720703125 0.831840455532074 1.8475253582000732 0.6252890825271606 0.8167268633842468 111.1767578125 125.792236328125
8647475119821030411 614.2689819335938 614.0585327148438 0.182914599776268 0.12213349342346191 0.1476214975118637 0.05000000074505806 23.289142608642578 22.002492904663086
8647475119821030505 3021.85546875 3506.982666015625 0.6440767049789429 0.7882317304611206 0.7577308416366577 0.6906369924545288 19.844993591308594 28.227659225463867
8647475119821030512 4180.42724609375 4994.796875 0.7628320455551147 0.9795558452606201 0.4638184905052185 0.44956502318382263 127.39037322998047 129.5146484375
8647475119821030780 1340.6463623046875 1377.522216796875 0.3113356828689575 0.2535122334957123 0.6116012334823608 0.5608816742897034 46.522769927978516 51.81808090209961
8647475119821030867 1436.416015625 1680.9091796875 1.185506820678711 1.6322897672653198 0.2508857846260071 0.17796006798744202 57.12767791748047 57.983177185058594
8647475119821030906 2634.175048828125 3027.50927734375 0.673174262046814 0.8337309956550598 0.7702546715736389 0.6974591612815857 140.44639587402344 141.9634552001953
8647475119821030522 3213.34619140625 3500.47021484375 0.7144989371299744 0.7825893759727478 0.6435739398002625 0.5407999157905579 171.88311767578125 170.1630096435547
8647475119821030113 6400.7998046875 7562.40771484375 0.8534317016601562 1.142165184020996 0.6109949350357056 0.5209197402000427 144.23707580566406 143.98960876464844
8647475119820964914 4420.03466796875 4831.50390625 0.8492849469184875 0.9516674280166626 0.6808405518531799 0.6593602299690247 80.58985900878906 78.57904815673828
8647475119821029521 16811.6015625 21707.80859375 1.5114660263061523 2.5323550701141357 0.4591807425022125 0.40828806161880493 168.8778076171875 169.79103088378906
8647475119820964122 104039.5546875 123828.828125 1.466839075088501 1.524749994277954 0.6705341935157776 0.6995770931243896 138.15330505371094 136.6420440673828
8647475119821029977 2465.078125 2506.127197265625 0.32356417179107666 0.23812660574913025 0.6192314028739929 0.7051593065261841 122.75141906738281 134.2648468017578
8647475119820964175 263.5332336425781 279.3835754394531 0.600115180015564 0.5797153115272522 0.05000000074505806 0.05000000074505806 122.05931091308594 123.49053192138672
8647475119820964602 3647.6142578125 3970.479248046875 0.3533152639865875 0.34567344188690186 0.8902024030685425 0.9111065864562988 13.84994125366211 11.476238250732422
8647475119821029522 6697.01806640625 7524.8642578125 0.6941019892692566 0.7879743576049805 0.4802775979042053 0.40885740518569946 50.01262664794922 48.234397888183594
8647475119820966510 768.77978515625 1259.791259765625 1.3196277618408203 3.4353299140930176 0.4376809000968933 0.31620073318481445 122.59722900390625 126.73954772949219
8647475119820964618 5413.28955078125 7049.033203125 1.3068512678146362 2.168240547180176 0.4656458795070648 0.4131709933280945 44.89569091796875 46.10151290893555
8647475119820964805 2128.592041015625 2220.372802734375 0.4156568944454193 0.35818836092948914 0.6100886464118958 0.6212064027786255 165.8223114013672 171.0761260986328
8647475119820964621 348.7525329589844 374.0992736816406 0.9953992366790771 1.0308189392089844 0.05000000074505806 0.05000000074505806 129.806884765625 128.0208740234375
8647475119820965517 1679.5306396484375 1785.0096435546875 0.8177003860473633 0.900693953037262 0.2971237897872925 0.15732905268669128 101.24407196044922 98.45977020263672
8647475119821030097 7393.4111328125 8695.380859375 0.7825294733047485 0.9678590893745422 0.6769213080406189 0.650040864944458 20.12981605529785 22.453102111816406
8647475119820963990 3541.4541015625 3769.061279296875 0.40646976232528687 0.3702255189418793 0.8169767260551453 0.8511265516281128 149.77903747558594 165.17860412597656
8647475119820965802 1349.0594482421875 1436.6834716796875 0.5409398078918457 0.561927855014801 0.5950900316238403 0.4570944011211395 126.18959045410156 126.09091186523438
8647475119821030107 15962.974609375 19474.0234375 0.945232093334198 1.3691258430480957 0.8741238117218018 0.8462392687797546 2.8576531410217285 4.27109432220459
8647475119820964386 18320.244140625 22288.5703125 0.655698835849762 0.8670220375061035 0.819758951663971 0.7845084071159363 60.992347717285156 58.611881256103516
8647475119820965868 2024.2208251953125 2148.786376953125 0.5071732401847839 0.47835904359817505 0.7420549392700195 0.711822509765625 48.02186965942383 50.091697692871094
8647475119820964534 1362.678955078125 1517.8955078125 0.27198201417922974 0.31207767128944397 0.7197250723838806 0.7544043660163879 56.0921516418457 65.95198822021484
8647475119820964625 624.626220703125 831.76513671875 1.2551952600479126 1.971389889717102 0.28754663467407227 0.36050742864608765 175.84033203125 2.813857078552246
8647475119820966013 2201.48876953125 2655.61328125 1.1367064714431763 1.7052369117736816 0.530060887336731 0.4513038098812103 9.873998641967773 8.855498313903809
8647475119821030374 3301.969970703125 3369.58740234375 0.4182175397872925 0.34201422333717346 0.4838120639324188 0.42089229822158813 99.19883728027344 98.99298858642578
8647474690861105880 7350.77783203125 9238.2109375 0.5519652962684631 0.8442562818527222 0.6661216616630554 0.5656228065490723 18.127805709838867 22.44456672668457
8647475119821029951 21739.447265625 25450.640625 0.8087443709373474 0.9819304347038269 0.6606095433235168 0.6292678117752075 121.60661315917969 122.39571380615234
8647475119821029901 3573.344482421875 3697.6865234375 0.5366724729537964 0.47696825861930847 0.47081083059310913 0.40378209948539734 81.42900848388672 80.73788452148438
8647475119821030072 11356.1669921875 14429.361328125 1.094484806060791 1.7056589126586914 0.6115812659263611 0.5611419677734375 49.570411682128906 50.50569152832031
8647475119820964915 3599.20654296875 3716.1220703125 0.4422948956489563 0.3710094094276428 0.8073225021362305 0.7999904155731201 135.53106689453125 133.9527587890625
8647475119820965588 1734.6669921875 1953.171875 0.6303364634513855 0.6630582809448242 0.43954917788505554 0.5275046825408936 97.0543441772461 95.25299835205078
8647475119820965027 3137.776123046875 3775.66796875 0.9613593220710754 1.3691339492797852 0.7794563174247742 0.7165992259979248 19.882659912109375 21.03217315673828
8647475119820965940 1100.8392333984375 1293.2156982421875 1.1845226287841797 1.6784987449645996 0.21661242842674255 0.14938558638095856 157.78074645996094 155.7838134765625
8647475119821029902 6568.015625 7740.01025390625 0.8201122879981995 1.0992631912231445 0.8343684673309326 0.802435576915741 163.7360076904297 160.56553649902344
8647475119821031105 1814.0869140625 1868.2371826171875 0.7184323668479919 0.6837109327316284 0.37773948907852173 0.2775003910064697 177.74224853515625 175.75987243652344
8647475119821029538 597.7968139648438 969.1652221679688 1.0042659044265747 2.194732666015625 0.35460638999938965 0.44344431161880493 37.359928131103516 33.09147262573242
8647475119820964888 2602.510986328125 2695.9345703125 0.47048863768577576 0.4081830084323883 0.39329683780670166 0.3028552532196045 138.42848205566406 137.1060333251953
8647475119820965037 2389.96484375 3079.108154296875 0.6721668839454651 1.0308263301849365 0.8259762525558472 0.7632055282592773 166.0135955810547 167.12295532226562
8647475119821031323 1053.381103515625 1114.757568359375 0.3584764301776886 0.31500735878944397 0.8581104278564453 0.8816193342208862 20.017719268798828 17.625293731689453
8647475119820964821 3549.5263671875 4012.719970703125 0.7799098491668701 0.9633365273475647 0.6411097049713135 0.5464597940444946 103.96785736083984 102.65386199951172
8647475119821029403 916.5001220703125 1899.13037109375 1.8804856538772583 5.801846504211426 0.5201342701911926 0.5197382569313049 78.87476348876953 67.67402648925781
8647475119821031983 302.8035583496094 420.6904602050781 0.8005632162094116 1.755114197731018 0.11854018270969391 0.05000000074505806 64.40312194824219 85.49575805664062
8647474690861171862 1958.0880126953125 2340.924072265625 0.6364807486534119 0.8019191026687622 0.6341223120689392 0.6439619064331055 129.29324340820312 118.03823852539062
8647475119820964415 6564.42822265625 7880.1728515625 1.7641026973724365 2.7165558338165283 0.23808233439922333 0.17329315841197968 157.64012145996094 157.7692108154297
8647475119820965907 2002.9510498046875 2382.343994140625 0.7899438738822937 1.0482975244522095 0.6316431164741516 0.5879867076873779 3.805471181869507 6.2540178298950195
8647475119821029442 820.7468872070312 1832.243408203125 0.866687536239624 3.1919021606445312 0.7316060662269592 0.7075629830360413 104.68665313720703 108.52738189697266
8647475119821030068 14167.234375 15952.76953125 0.6863393187522888 0.7868872880935669 0.40880143642425537 0.3318442702293396 132.26785278320312 132.09498596191406
8647475119821031256 785.83447265625 857.7496948242188 0.5131205916404724 0.5791810750961304 0.5890433192253113 0.449974924325943 76.62836456298828 70.37635040283203
8647475119820965515 476.7090759277344 526.156982421875 1.1583889722824097 1.3195475339889526 0.37552401423454285 0.3447088599205017 179.96893310546875 17.829402923583984
8647475119821030007 6711.16259765625 7615.66796875 0.6684524416923523 0.7782754898071289 0.44606733322143555 0.39645853638648987 77.75442504882812 77.20353698730469
8647475119821030464 3540.42138671875 4224.21142578125 0.8385909199714661 1.1144131422042847 0.5158377289772034 0.48503628373146057 90.43841552734375 92.55132293701172
8647475119821031249 1183.4776611328125 1176.49609375 0.30549514293670654 0.20425555109977722 0.5151839256286621 0.45785677433013916 128.04945373535156 124.25401306152344
8647475119820964119 357.4996337890625 362.3759460449219 0.7608126997947693 0.6309548616409302 0.09762178361415863 0.05000000074505806 126.81040954589844 124.11284637451172
8647475119821029924 1787.7369384765625 2058.167236328125 0.8424282670021057 1.059261679649353 0.3955634832382202 0.34464219212532043 49.21694564819336 47.90393829345703
8647474690861106239 883.0042724609375 929.5155029296875 0.7834802865982056 0.8014354109764099 0.2563796937465668 0.16674602031707764 111.34322357177734 105.89689636230469
8647475119821030059 1027.9326171875 1040.9822998046875 0.20269203186035156 0.15883061289787292 0.1994953602552414 0.05000000074505806 156.31051635742188 155.65904235839844
8647475119821030087 6690.79736328125 7508.240234375 1.2411184310913086 1.5970492362976074 0.14647437632083893 0.08267612755298615 9.425127029418945 8.889887809753418
8647475119820964950 4086.0244140625 5358.6484375 0.8072453737258911 1.368823528289795 0.9120244979858398 0.8214343190193176 170.43515014648438 150.870849609375
8647475119821029551 1175.45068359375 1204.009765625 0.48081305623054504 0.3880937099456787 0.4121082127094269 0.3999297320842743 29.018678665161133 29.865793228149414
8647475119820964620 6122.60791015625 6400.11328125 0.4945688545703888 0.43690550327301025 0.5866410136222839 0.553840696811676 27.776552200317383 27.39962387084961
8647475119820964808 6333.53125 8285.6982421875 1.0621904134750366 1.742501974105835 0.5723955035209656 0.49042946100234985 141.76036071777344 141.4209747314453
8647475119821030116 17636.4921875 19453.236328125 0.5019932985305786 0.5002143979072571 0.7445688843727112 0.7561842203140259 86.12154388427734 86.6390380859375
